unity_time	capture_time_ns	frame_number	gaze_validity_L	gaze_validity_R	gaze_validity_C	gaze_origin_L.x	gaze_origin_L.y	gaze_origin_L.z	gaze_origin_R.x	gaze_origin_R.y	gaze_origin_R.z	gaze_origin_C.x	gaze_origin_C.y	gaze_origin_C.z	gaze_direct_L.x	gaze_direct_L.y	gaze_direct_L.z	gaze_direct_R.x	gaze_direct_R.y	gaze_direct_R.z	gaze_direct_C.x	gaze_direct_C.y	gaze_direct_C.z	focus_distance	focus_stability	IPD_mm	left_pupil_mm	left_iris_mm	left_ratio	right_pupil_mm	right_iris_mm	right_ratio	fixationPoint.x	fixationPoint.y	fixationPoint.z	gaze_contingency_L.x	gaze_contingency_L.y	gaze_contingency_L.z	gaze_contingency_R.x	gaze_contingency_R.y	gaze_contingency_R.z	gaze_contingency_C.x	gaze_contingency_C.y	gaze_contingency_C.z
7.7921	1000676832521930800	199890	3	3	2	-0.03278	0.00000	0.00000	0.03278	0.00000	0.00000	0.00000	0.00000	0.00000	0.12716	-0.04645	0.99079	-0.15155	-0.04629	0.98736	0.00035	-0.04683	0.99890	0.23292	0.00000	61.15000	2.37310	6.32240	0.37535	2.31402	6.19585	0.37348	-0.14846	0.31954	-0.34411	-0.79865	0.23541	0.04971	-0.88089	0.22229	-0.14652	-0.84366	0.22848	-0.03295
7.7921	1000676832526919800	199891	3	3	2	-0.03278	0.00000	0.00000	0.03278	0.00000	0.00000	0.00000	0.00000	0.00000	0.12706	-0.04642	0.99081	-0.15152	-0.04626	0.98737	0.00055	-0.04680	0.99890	0.23303	0.01603	61.15000	2.37488	6.32240	0.37563	2.31494	6.19585	0.37363	-0.14854	0.31954	-0.34403	-0.79870	0.23544	0.04963	-0.88089	0.22233	-0.14649	-0.84359	0.22853	-0.03277
7.7921	1000676832531927400	199892	3	3	2	-0.03278	0.00000	0.00000	0.03278	0.00000	0.00000	0.00000	0.00000	0.00000	0.12702	-0.04643	0.99081	-0.15151	-0.04627	0.98737	0.00094	-0.04681	0.99890	0.23307	0.00000	61.15000	2.37488	6.32240	0.37563	2.31494	6.19585	0.37363	-0.14855	0.31953	-0.34392	-0.79873	0.23542	0.04959	-0.88088	0.22231	-0.14648	-0.84343	0.22854	-0.03241
7.8116	1000676832537060500	199893	3	3	2	-0.03278	0.00000	0.00000	0.03278	0.00000	0.00000	0.00000	0.00000	0.00000	0.12687	-0.04649	0.99083	-0.15153	-0.04633	0.98737	0.00104	-0.04687	0.99890	0.23319	0.00000	61.15000	2.37839	6.32240	0.37618	2.31850	6.19585	0.37420	-0.14866	0.31942	-0.34382	-0.79890	0.23527	0.04937	-0.88094	0.22217	-0.14661	-0.84347	0.22840	-0.03242
7.8116	1000676832542034700	199894	3	3	2	-0.03278	0.00000	0.00000	0.03278	0.00000	0.00000	0.00000	0.00000	0.00000	0.12664	-0.04657	0.99086	-0.15156	-0.04641	0.98736	0.00094	-0.04695	0.99890	0.23336	0.00000	61.15000	2.37839	6.32240	0.37618	2.31850	6.19585	0.37420	-0.14883	0.31938	-0.34377	-0.79901	0.23518	0.04917	-0.88094	0.22209	-0.14663	-0.84350	0.22832	-0.03252
7.8116	1000676832546904000	199895	3	3	2	-0.03278	0.00000	0.00000	0.03278	0.00000	0.00000	0.00000	0.00000	0.00000	0.12637	-0.04668	0.99088	-0.15158	-0.04651	0.98735	0.00083	-0.04706	0.99889	0.23357	0.05394	61.15000	2.37839	6.32240	0.37618	2.31850	6.19585	0.37420	-0.14902	0.31933	-0.34371	-0.79914	0.23505	0.04893	-0.88093	0.22198	-0.14666	-0.84353	0.22821	-0.03261
7.8116	1000676832551933400	199896	3	3	2	-0.03278	0.00000	0.00000	0.03278	0.00000	0.00000	0.00000	0.00000	0.00000	0.12649	-0.04678	0.99086	-0.15161	-0.04661	0.98734	0.00176	-0.04715	0.99889	0.23344	0.17635	61.15000	2.37839	6.32240	0.37618	2.31850	6.19585	0.37420	-0.14881	0.31933	-0.34356	-0.79906	0.23496	0.04904	-0.88093	0.22189	-0.14669	-0.84314	0.22817	-0.03176
7.8205	1000676832556942000	199897	3	3	2	-0.03278	0.00000	0.00000	0.03278	0.00000	0.00000	0.00000	0.00000	0.00000	0.12586	-0.04705	0.99093	-0.15166	-0.04688	0.98732	0.00125	-0.04743	0.99887	0.23394	0.21367	61.15000	2.38020	6.32240	0.37647	2.32104	6.19585	0.37461	-0.14935	0.31901	-0.34341	-0.79940	0.23413	0.04846	-0.88093	0.22110	-0.14677	-0.84335	0.22734	-0.03227
7.8205	1000676832561945600	199898	3	3	2	-0.03278	0.00000	0.00000	0.03278	0.00000	0.00000	0.00000	0.00000	0.00000	0.12516	-0.04739	0.99100	-0.15170	-0.04721	0.98730	0.00081	-0.04776	0.99886	0.23450	0.24102	61.15000	2.38020	6.32240	0.37647	2.32104	6.19585	0.37461	-0.14989	0.31885	-0.34327	-0.79972	0.23375	0.04786	-0.88089	0.22077	-0.14681	-0.84348	0.22698	-0.03267
7.8348	1000676832566943000	199899	3	3	2	-0.03278	0.00000	0.00000	0.03278	0.00000	0.00000	0.00000	0.00000	0.00000	0.12445	-0.04777	0.99108	-0.15175	-0.04758	0.98727	0.00046	-0.04814	0.99884	0.23507	0.25767	61.15000	2.38319	6.32240	0.37694	2.32472	6.19585	0.37521	-0.15043	0.31865	-0.34310	-0.80005	0.23314	0.04722	-0.88086	0.22025	-0.14690	-0.84358	0.22642	-0.03302
7.8348	1000676832571946600	199900	3	3	2	-0.03278	0.00000	0.00000	0.03278	0.00000	0.00000	0.00000	0.00000	0.00000	0.12426	-0.04814	0.99108	-0.15178	-0.04796	0.98725	0.00077	-0.04852	0.99882	0.23520	0.10356	61.15000	2.38319	6.32240	0.37694	2.32472	6.19585	0.37521	-0.15050	0.31855	-0.34298	-0.80009	0.23275	0.04706	-0.88082	0.21988	-0.14693	-0.84340	0.22607	-0.03273
7.8348	1000676832576996100	199901	3	3	2	-0.03278	0.00000	0.00000	0.03278	0.00000	0.00000	0.00000	0.00000	0.00000	0.12357	-0.04866	0.99114	-0.15179	-0.04847	0.98722	0.00043	-0.04904	0.99880	0.23579	0.04210	61.15000	2.38319	6.32240	0.37694	2.32472	6.19585	0.37521	-0.15105	0.31835	-0.34282	-0.80037	0.23218	0.04647	-0.88075	0.21936	-0.14693	-0.84347	0.22553	-0.03304
7.8426	1000676832582013100	199902	3	3	2	-0.03278	0.00000	0.00000	0.03278	0.00000	0.00000	0.00000	0.00000	0.00000	0.12292	-0.04927	0.99119	-0.15178	-0.04907	0.98719	0.00018	-0.04965	0.99877	0.23637	0.03771	61.15000	2.38432	6.32240	0.37712	2.32605	6.19585	0.37542	-0.15159	0.31796	-0.34262	-0.80067	0.23120	0.04583	-0.88069	0.21847	-0.14701	-0.84352	0.22459	-0.03335
7.8529	1000676832587021200	199903	3	3	2	-0.03278	0.00000	0.00000	0.03278	0.00000	0.00000	0.00000	0.00000	0.00000	0.12232	-0.04997	0.99123	-0.15175	-0.04977	0.98717	-0.00005	-0.05035	0.99873	0.23693	0.02989	61.15000	2.38628	6.32240	0.37743	2.32875	6.19585	0.37586	-0.15211	0.31768	-0.34239	-0.80084	0.23026	0.04543	-0.88056	0.21759	-0.14685	-0.84349	0.22368	-0.03344
7.8529	1000676832592046400	199904	3	3	2	-0.03278	0.00000	0.00000	0.03278	0.00000	0.00000	0.00000	0.00000	0.00000	0.12183	-0.05073	0.99125	-0.15169	-0.05052	0.98714	-0.00030	-0.05111	0.99869	0.23741	0.13320	61.15000	2.38708	6.32240	0.37756	2.32977	6.19585	0.37602	-0.15255	0.31743	-0.34224	-0.80099	0.22948	0.04502	-0.88044	0.21686	-0.14679	-0.84348	0.22291	-0.03366
7.8641	1000676832597053700	199905	3	3	2	-0.03278	0.00000	0.00000	0.03278	0.00000	0.00000	0.00000	0.00000	0.00000	0.12196	-0.05140	0.99120	-0.15162	-0.05118	0.98711	-0.00007	-0.05178	0.99866	0.23735	0.00000	61.15000	2.38866	6.32240	0.37781	2.33157	6.19585	0.37631	-0.15249	0.31725	-0.34221	-0.80088	0.22873	0.04511	-0.88038	0.21614	-0.14675	-0.84334	0.22218	-0.03348
7.8641	1000676832602061000	199906	3	3	2	-0.03278	0.00000	0.00000	0.03278	0.00000	0.00000	0.00000	0.00000	0.00000	0.12202	-0.05215	0.99116	-0.15159	-0.05194	0.98708	-0.00030	-0.05254	0.99862	0.23733	0.00000	61.15000	2.38866	6.32240	0.37781	2.33157	6.19585	0.37631	-0.15247	0.31707	-0.34227	-0.80075	0.22799	0.04516	-0.88027	0.21540	-0.14672	-0.84333	0.22141	-0.03368
7.8641	1000676832607068300	199907	3	3	2	-0.03278	0.00000	0.00000	0.03278	0.00000	0.00000	0.00000	0.00000	0.00000	0.12210	-0.05280	0.99111	-0.15154	-0.05259	0.98705	-0.00077	-0.05320	0.99858	0.23730	0.00000	61.15000	2.38866	6.32240	0.37781	2.33157	6.19585	0.37631	-0.15247	0.31691	-0.34238	-0.80061	0.22735	0.04523	-0.88016	0.21475	-0.14667	-0.84342	0.22073	-0.03410
7.8756	1000676832612075600	199908	3	3	2	-0.03278	0.00000	0.00000	0.03278	0.00000	0.00000	0.00000	0.00000	0.00000	0.12192	-0.05368	0.99109	-0.15148	-0.05346	0.98701	-0.00161	-0.05408	0.99854	0.23751	0.00000	61.15000	2.38953	6.32240	0.37795	2.33237	6.19585	0.37644	-0.15273	0.31664	-0.34241	-0.80048	0.22633	0.04534	-0.87997	0.21376	-0.14632	-0.84355	0.21967	-0.03460
7.8867	1000676832617079200	199909	3	3	2	-0.03278	0.00000	0.00000	0.03278	0.00000	0.00000	0.00000	0.00000	0.00000	0.12239	-0.05408	0.99101	-0.15141	-0.05386	0.98700	-0.00130	-0.05449	0.99851	0.23716	0.00000	61.15000	2.39063	6.32240	0.37812	2.33315	6.19585	0.37657	-0.15244	0.31656	-0.34248	-0.80019	0.22601	0.04586	-0.87993	0.21336	-0.14612	-0.84339	0.21931	-0.03420
7.8975	1000676832627094900	199911	3	3	2	-0.03278	0.00000	0.00000	0.03278	0.00000	0.00000	0.00000	0.00000	0.00000	0.12253	-0.05458	0.99096	-0.15131	-0.05437	0.98699	-0.00143	-0.05500	0.99849	0.23712	0.00000	61.15000	2.39358	6.32240	0.37859	2.33499	6.19585	0.37686	-0.15246	0.31647	-0.34252	-0.80012	0.22563	0.04600	-0.87990	0.21289	-0.14601	-0.84344	0.21887	-0.03430
7.8975	1000676832632131700	199912	3	3	2	-0.03278	0.00000	0.00000	0.03278	0.00000	0.00000	0.00000	0.00000	0.00000	0.12265	-0.05502	0.99092	-0.15122	-0.05480	0.98698	-0.00161	-0.05544	0.99846	0.23710	0.00000	61.15000	2.39358	6.32240	0.37859	2.33499	6.19585	0.37686	-0.15244	0.31637	-0.34256	-0.79999	0.22521	0.04611	-0.87981	0.21246	-0.14591	-0.84345	0.21842	-0.03446
7.8975	1000676832637194100	199913	3	3	2	-0.03278	0.00000	0.00000	0.03278	0.00000	0.00000	0.00000	0.00000	0.00000	0.12271	-0.05517	0.99091	-0.15111	-0.05495	0.98699	-0.00205	-0.05559	0.99845	0.23715	0.00000	61.15000	2.39358	6.32240	0.37859	2.33499	6.19585	0.37686	-0.15252	0.31632	-0.34264	-0.79994	0.22506	0.04616	-0.87976	0.21232	-0.14581	-0.84361	0.21824	-0.03487
7.9084	1000676832642184700	199914	3	3	2	-0.03278	0.00000	0.00000	0.03278	0.00000	0.00000	0.00000	0.00000	0.00000	0.12276	-0.05526	0.99090	-0.15098	-0.05505	0.98700	-0.00239	-0.05568	0.99845	0.23721	0.00000	61.15000	2.39683	6.32240	0.37910	2.33663	6.19585	0.37713	-0.15269	0.31630	-0.34271	-0.80003	0.22510	0.04613	-0.87982	0.21228	-0.14576	-0.84384	0.21822	-0.03524
7.9084	1000676832647192000	199915	3	3	2	-0.03278	0.00000	0.00000	0.03278	0.00000	0.00000	0.00000	0.00000	0.00000	0.12279	-0.05535	0.99089	-0.15085	-0.05513	0.98702	-0.00283	-0.05577	0.99844	0.23731	0.00000	61.15000	2.39864	6.32240	0.37939	2.33796	6.19585	0.37734	-0.15281	0.31626	-0.34277	-0.80000	0.22502	0.04616	-0.87977	0.21220	-0.14563	-0.84400	0.21811	-0.03564
7.9194	1000676832652200100	199916	3	3	2	-0.03278	0.00000	0.00000	0.03278	0.00000	0.00000	0.00000	0.00000	0.00000	0.12280	-0.05550	0.99088	-0.15071	-0.05529	0.98703	-0.00301	-0.05593	0.99843	0.23743	0.00000	61.15000	2.40045	6.32240	0.37967	2.33933	6.19585	0.37756	-0.15303	0.31621	-0.34281	-0.80015	0.22490	0.04598	-0.87984	0.21201	-0.14569	-0.84421	0.21794	-0.03599
7.9194	1000676832657204200	199917	3	3	2	-0.03278	0.00000	0.00000	0.03278	0.00000	0.00000	0.00000	0.00000	0.00000	0.12279	-0.05560	0.99087	-0.15054	-0.05539	0.98705	-0.00349	-0.05602	0.99842	0.23758	0.00000	61.15000	2.40188	6.32240	0.37990	2.34113	6.19585	0.37785	-0.15321	0.31616	-0.34285	-0.80014	0.22480	0.04598	-0.87978	0.21192	-0.14552	-0.84438	0.21781	-0.03643
7.9319	1000676832662212300	199918	3	3	2	-0.03278	0.00000	0.00000	0.03278	0.00000	0.00000	0.00000	0.00000	0.00000	0.12263	-0.05604	0.99087	-0.15037	-0.05582	0.98705	-0.00386	-0.05646	0.99840	0.23788	0.00000	61.15000	2.40417	6.32240	0.38026	2.34423	6.19585	0.37836	-0.15360	0.31598	-0.34284	-0.80040	0.22439	0.04560	-0.87984	0.21149	-0.14562	-0.84467	0.21737	-0.03703
7.9319	1000676832667221700	199919	3	3	2	-0.03278	0.00000	0.00000	0.03278	0.00000	0.00000	0.00000	0.00000	0.00000	0.12242	-0.05643	0.99087	-0.15017	-0.05622	0.98706	-0.00466	-0.05686	0.99837	0.23824	0.00000	61.15000	2.40417	6.32240	0.38026	2.34423	6.19585	0.37836	-0.15399	0.31583	-0.34287	-0.80045	0.22399	0.04542	-0.87973	0.21111	-0.14542	-0.84493	0.21692	-0.03776
7.9319	1000676832672229800	199920	3	3	2	-0.03278	0.00000	0.00000	0.03278	0.00000	0.00000	0.00000	0.00000	0.00000	0.12221	-0.05679	0.99088	-0.14997	-0.05657	0.98707	-0.00546	-0.05721	0.99835	0.23861	0.00000	61.15000	2.40417	6.32240	0.38026	2.34423	6.19585	0.37836	-0.15438	0.31568	-0.34290	-0.80051	0.22362	0.04524	-0.87963	0.21077	-0.14523	-0.84520	0.21652	-0.03849
7.9429	1000676832677239200	199921	3	3	2	-0.03278	0.00000	0.00000	0.03278	0.00000	0.00000	0.00000	0.00000	0.00000	0.12198	-0.05713	0.99089	-0.14978	-0.05691	0.98708	-0.00618	-0.05756	0.99832	0.23898	0.00000	61.15000	2.40678	6.32240	0.38068	2.34702	6.19585	0.37880	-0.15489	0.31551	-0.34295	-0.80074	0.22316	0.04488	-0.87966	0.21033	-0.14522	-0.84558	0.21603	-0.03932
7.9429	1000676832682246500	199922	3	3	2	-0.03278	0.00000	0.00000	0.03278	0.00000	0.00000	0.00000	0.00000	0.00000	0.12178	-0.05746	0.99089	-0.14960	-0.05724	0.98709	-0.00673	-0.05789	0.99830	0.23932	0.00000	61.15000	2.40678	6.32240	0.38068	2.34702	6.19585	0.37880	-0.15524	0.31538	-0.34293	-0.80080	0.22282	0.04471	-0.87957	0.21001	-0.14504	-0.84575	0.21567	-0.03982
7.9540	1000676832687256200	199923	3	3	2	-0.03278	0.00000	0.00000	0.03278	0.00000	0.00000	0.00000	0.00000	0.00000	0.12157	-0.05779	0.99090	-0.14942	-0.05757	0.98710	-0.00732	-0.05822	0.99828	0.23967	0.00000	61.15000	2.40928	6.32240	0.38107	2.35207	6.19585	0.37962	-0.15570	0.31522	-0.34296	-0.80107	0.22243	0.04429	-0.87963	0.20965	-0.14512	-0.84613	0.21525	-0.04061
7.9540	1000676832692296600	199924	3	3	2	-0.03278	0.00000	0.00000	0.03278	0.00000	0.00000	0.00000	0.00000	0.00000	0.12133	-0.05806	0.99091	-0.14922	-0.05783	0.98711	-0.00796	-0.05849	0.99826	0.24007	0.00000	61.15000	2.40928	6.32240	0.38107	2.35207	6.19585	0.37962	-0.15611	0.31510	-0.34295	-0.80115	0.22215	0.04409	-0.87954	0.20940	-0.14492	-0.84634	0.21495	-0.04120
7.9540	1000676832697320300	199925	3	3	2	-0.03278	0.00000	0.00000	0.03278	0.00000	0.00000	0.00000	0.00000	0.00000	0.12110	-0.05830	0.99093	-0.14901	-0.05807	0.98713	-0.00848	-0.05873	0.99824	0.24047	0.10923	61.15000	2.40928	6.32240	0.38107	2.35207	6.19585	0.37962	-0.15652	0.31498	-0.34290	-0.80124	0.22190	0.04389	-0.87945	0.20917	-0.14472	-0.84651	0.21468	-0.04167
7.9662	1000676832702329700	199926	3	3	2	-0.03278	0.00000	0.00000	0.03278	0.00000	0.00000	0.00000	0.00000	0.00000	0.12090	-0.05850	0.99094	-0.14878	-0.05827	0.98715	-0.00879	-0.05893	0.99822	0.24086	0.27972	61.15000	2.41136	6.32240	0.38140	2.35442	6.19585	0.38000	-0.15697	0.31481	-0.34283	-0.80141	0.22146	0.04361	-0.87943	0.20875	-0.14461	-0.84669	0.21423	-0.04207
7.9662	1000676832707293600	199927	3	3	2	-0.03278	0.00000	0.00000	0.03278	0.00000	0.00000	0.00000	0.00000	0.00000	0.12071	-0.05869	0.99095	-0.14854	-0.05846	0.98718	-0.00911	-0.05912	0.99821	0.24124	0.32802	61.15000	2.41136	6.32240	0.38140	2.35442	6.19585	0.38000	-0.15734	0.31471	-0.34275	-0.80148	0.22127	0.04345	-0.87935	0.20858	-0.14438	-0.84679	0.21402	-0.04236
7.9773	1000676832712320600	199928	3	3	2	-0.03278	0.00000	0.00000	0.03278	0.00000	0.00000	0.00000	0.00000	0.00000	0.12054	-0.05888	0.99096	-0.14828	-0.05866	0.98720	-0.00947	-0.05931	0.99819	0.24165	0.38779	61.15000	2.41436	6.32240	0.38187	2.35631	6.19585	0.38030	-0.15778	0.31456	-0.34276	-0.80172	0.22081	0.04295	-0.87935	0.20815	-0.14450	-0.84704	0.21356	-0.04306
7.9773	1000676832717374400	199929	3	3	2	-0.03278	0.00000	0.00000	0.03278	0.00000	0.00000	0.00000	0.00000	0.00000	0.12042	-0.05908	0.99096	-0.14798	-0.05886	0.98724	-0.00958	-0.05951	0.99818	0.24202	0.62477	61.15000	2.41436	6.32240	0.38187	2.35631	6.19585	0.38030	-0.15813	0.31446	-0.34263	-0.80175	0.22061	0.04286	-0.87924	0.20797	-0.14421	-0.84705	0.21335	-0.04316
7.9900	1000676832722403000	199930	3	3	2	-0.03278	0.00000	0.00000	0.03278	0.00000	0.00000	0.00000	0.00000	0.00000	0.12031	-0.05929	0.99096	-0.14767	-0.05907	0.98727	-0.00977	-0.05972	0.99817	0.24242	0.72163	61.15000	2.41693	6.32240	0.38228	2.35849	6.19585	0.38066	-0.15855	0.31422	-0.34252	-0.80178	0.21991	0.04274	-0.87913	0.20731	-0.14392	-0.84710	0.21265	-0.04336
7.9900	1000676832727422500	199931	3	3	2	-0.03278	0.00000	0.00000	0.03278	0.00000	0.00000	0.00000	0.00000	0.00000	0.12022	-0.05950	0.99096	-0.14729	-0.05928	0.98732	-0.00988	-0.05993	0.99815	0.24285	0.72492	61.15000	2.41693	6.32240	0.38228	2.35849	6.19585	0.38066	-0.15894	0.31411	-0.34238	-0.80180	0.21970	0.04266	-0.87900	0.20712	-0.14355	-0.84712	0.21244	-0.04346
7.9998	1000676832732442000	199932	3	3	2	-0.03278	0.00000	0.00000	0.03278	0.00000	0.00000	0.00000	0.00000	0.00000	0.12014	-0.05971	0.99096	-0.14687	-0.05949	0.98737	-0.00994	-0.06014	0.99814	0.24332	0.78710	61.15000	2.42208	6.32240	0.38309	2.36083	6.19585	0.38103	-0.15941	0.31384	-0.34222	-0.80187	0.21908	0.04249	-0.87889	0.20653	-0.14325	-0.84716	0.21182	-0.04362
7.9998	1000676832737429500	199933	3	3	2	-0.03278	0.00000	0.00000	0.03278	0.00000	0.00000	0.00000	0.00000	0.00000	0.12009	-0.05992	0.99095	-0.14642	-0.05970	0.98742	-0.00997	-0.06035	0.99813	0.24378	0.80532	61.15000	2.42208	6.32240	0.38309	2.36083	6.19585	0.38103	-0.15982	0.31372	-0.34205	-0.80186	0.21887	0.04245	-0.87874	0.20635	-0.14281	-0.84713	0.21161	-0.04364
7.9998	1000676832742453200	199934	3	3	2	-0.03278	0.00000	0.00000	0.03278	0.00000	0.00000	0.00000	0.00000	0.00000	0.12004	-0.06011	0.99095	-0.14599	-0.05990	0.98747	-0.01002	-0.06055	0.99811	0.24423	0.82115	61.15000	2.42208	6.32240	0.38309	2.36083	6.19585	0.38103	-0.16023	0.31362	-0.34188	-0.80186	0.21867	0.04241	-0.87860	0.20617	-0.14239	-0.84712	0.21141	-0.04368
8.0100	1000676832747476900	199935	3	3	2	-0.03278	0.00000	0.00000	0.03278	0.00000	0.00000	0.00000	0.00000	0.00000	0.12014	-0.06011	0.99094	-0.14554	-0.05990	0.98754	-0.00966	-0.06054	0.99812	0.24455	0.78113	61.15000	2.42594	6.32240	0.38371	2.36237	6.19585	0.38128	-0.16057	0.31349	-0.34171	-0.80194	0.21841	0.04232	-0.87857	0.20591	-0.14215	-0.84710	0.21115	-0.04355
8.0100	1000676832752474600	199936	3	3	2	-0.03278	0.00000	0.00000	0.03278	0.00000	0.00000	0.00000	0.00000	0.00000	0.12006	-0.06025	0.99094	-0.14509	-0.06005	0.98760	-0.00966	-0.06069	0.99811	0.24506	0.76744	61.15000	2.42594	6.32240	0.38371	2.36237	6.19585	0.38128	-0.16102	0.31339	-0.34151	-0.80195	0.21826	0.04225	-0.87843	0.20579	-0.14171	-0.84707	0.21101	-0.04354
8.0219	1000676832757465900	199937	3	3	2	-0.03278	0.00000	0.00000	0.03278	0.00000	0.00000	0.00000	0.00000	0.00000	0.11997	-0.06038	0.99094	-0.14467	-0.06018	0.98765	-0.00964	-0.06081	0.99810	0.24554	0.82225	61.15000	2.42900	6.32240	0.38419	2.36457	6.19585	0.38164	-0.16144	0.31320	-0.34144	-0.80201	0.21780	0.04192	-0.87830	0.20537	-0.14157	-0.84706	0.21057	-0.04378
8.0219	1000676832762465200	199938	3	3	2	-0.03278	0.00000	0.00000	0.03278	0.00000	0.00000	0.00000	0.00000	0.00000	0.11983	-0.06051	0.99095	-0.14432	-0.06031	0.98769	-0.00966	-0.06094	0.99809	0.24600	0.88519	61.15000	2.42900	6.32240	0.38419	2.36457	6.19585	0.38164	-0.16186	0.31310	-0.34126	-0.80207	0.21766	0.04180	-0.87818	0.20525	-0.14123	-0.84705	0.21043	-0.04381
8.0323	1000676832767488900	199939	3	3	2	-0.03278	0.00000	0.00000	0.03278	0.00000	0.00000	0.00000	0.00000	0.00000	0.11967	-0.06062	0.99096	-0.14401	-0.06042	0.98773	-0.00967	-0.06105	0.99809	0.24644	0.88376	61.15000	2.43194	6.32240	0.38465	2.36825	6.19585	0.38223	-0.16232	0.31292	-0.34114	-0.80226	0.21729	0.04146	-0.87817	0.20491	-0.14115	-0.84715	0.21007	-0.04403
8.0323	1000676832772512600	199940	3	3	2	-0.03278	0.00000	0.00000	0.03278	0.00000	0.00000	0.00000	0.00000	0.00000	0.11946	-0.06076	0.99098	-0.14377	-0.06056	0.98776	-0.00978	-0.06120	0.99808	0.24688	0.86542	61.15000	2.43194	6.32240	0.38465	2.36825	6.19585	0.38223	-0.16272	0.31283	-0.34099	-0.80235	0.21713	0.04127	-0.87809	0.20478	-0.14091	-0.84717	0.20992	-0.04413
8.0438	1000676832777516000	199941	3	3	2	-0.03278	0.00000	0.00000	0.03278	0.00000	0.00000	0.00000	0.00000	0.00000	0.11923	-0.06093	0.99100	-0.14356	-0.06073	0.98778	-0.00987	-0.06136	0.99807	0.24730	0.87475	61.15000	2.43556	6.32240	0.38523	2.37163	6.19585	0.38278	-0.16317	0.31257	-0.34090	-0.80244	0.21641	0.04104	-0.87802	0.20416	-0.14074	-0.84718	0.20924	-0.04424
8.0438	1000676832782539000	199942	3	3	2	-0.03278	0.00000	0.00000	0.03278	0.00000	0.00000	0.00000	0.00000	0.00000	0.11897	-0.06101	0.99102	-0.14352	-0.06081	0.98778	-0.00986	-0.06144	0.99806	0.24759	0.86326	61.15000	2.43710	6.32240	0.38547	2.37373	6.19585	0.38312	-0.16343	0.31251	-0.34078	-0.80256	0.21631	0.04082	-0.87800	0.20408	-0.14070	-0.84717	0.20916	-0.04424
8.0546	1000676832787561600	199943	3	3	2	-0.03278	0.00000	0.00000	0.03278	0.00000	0.00000	0.00000	0.00000	0.00000	0.11867	-0.06124	0.99104	-0.14326	-0.06104	0.98780	-0.00997	-0.06167	0.99805	0.24813	0.83568	61.15000	2.43996	6.32240	0.38592	2.37786	6.19585	0.38378	-0.16398	0.31225	-0.34063	-0.80278	0.21564	0.04037	-0.87796	0.20352	-0.14065	-0.84726	0.20854	-0.04453
8.0546	1000676832792524700	199944	3	3	2	-0.03278	0.00000	0.00000	0.03278	0.00000	0.00000	0.00000	0.00000	0.00000	0.11832	-0.06143	0.99107	-0.14318	-0.06122	0.98780	-0.01001	-0.06186	0.99803	0.24854	0.82796	61.15000	2.43996	6.32240	0.38592	2.37786	6.19585	0.38378	-0.16435	0.31215	-0.34048	-0.80293	0.21544	0.04007	-0.87791	0.20334	-0.14057	-0.84725	0.20836	-0.04457
8.0546	1000676832797543900	199945	3	3	2	-0.03278	0.00000	0.00000	0.03278	0.00000	0.00000	0.00000	0.00000	0.00000	0.11795	-0.06165	0.99110	-0.14304	-0.06145	0.98781	-0.01004	-0.06208	0.99802	0.24903	0.83818	61.15000	2.43996	6.32240	0.38592	2.37786	6.19585	0.38378	-0.16479	0.31202	-0.34029	-0.80308	0.21519	0.03975	-0.87784	0.20313	-0.14044	-0.84723	0.20814	-0.04459
8.0657	1000676832802564600	199946	3	3	2	-0.03278	0.00000	0.00000	0.03278	0.00000	0.00000	0.00000	0.00000	0.00000	0.11756	-0.06192	0.99113	-0.14288	-0.06171	0.98781	-0.01007	-0.06235	0.99800	0.24957	0.83245	61.15000	2.44214	6.32240	0.38627	2.38089	6.19585	0.38427	-0.16528	0.31167	-0.34003	-0.80317	0.21417	0.03948	-0.87771	0.20227	-0.14021	-0.84714	0.20720	-0.04455
8.0657	1000676832807585300	199947	3	3	2	-0.03278	0.00000	0.00000	0.03278	0.00000	0.00000	0.00000	0.00000	0.00000	0.11718	-0.06229	0.99115	-0.14291	-0.06208	0.98779	-0.01056	-0.06272	0.99798	0.24991	0.73593	61.15000	2.44214	6.32240	0.38627	2.38089	6.19585	0.38427	-0.16562	0.31152	-0.34001	-0.80330	0.21378	0.03916	-0.87766	0.20190	-0.14023	-0.84727	0.20680	-0.04500
8.0770	1000676832812604800	199948	3	3	2	-0.03278	0.00000	0.00000	0.03278	0.00000	0.00000	0.00000	0.00000	0.00000	0.11681	-0.06282	0.99117	-0.14251	-0.06261	0.98781	-0.01067	-0.06325	0.99794	0.25066	0.68087	61.15000	2.44431	6.32240	0.38661	2.38343	6.19585	0.38468	-0.16634	0.31117	-0.33973	-0.80344	0.21294	0.03879	-0.87751	0.20118	-0.13990	-0.84727	0.20601	-0.04515
8.0770	1000676832817611900	199949	3	3	2	-0.03278	0.00000	0.00000	0.03278	0.00000	0.00000	0.00000	0.00000	0.00000	0.11647	-0.06342	0.99117	-0.14207	-0.06321	0.98784	-0.01079	-0.06385	0.99790	0.25143	0.68224	61.15000	2.44431	6.32240	0.38661	2.38343	6.19585	0.38468	-0.16703	0.31091	-0.33946	-0.80353	0.21232	0.03849	-0.87730	0.20061	-0.13947	-0.84723	0.20541	-0.04526
8.0879	1000676832822606100	199950	3	3	2	-0.03278	0.00000	0.00000	0.03278	0.00000	0.00000	0.00000	0.00000	0.00000	0.11614	-0.06412	0.99116	-0.14159	-0.06390	0.98786	-0.01087	-0.06455	0.99786	0.25223	0.66994	61.15000	2.44662	6.32240	0.38698	2.38596	6.19585	0.38509	-0.16782	0.31051	-0.33923	-0.80368	0.21112	0.03804	-0.87715	0.19954	-0.13919	-0.84724	0.20426	-0.04551
8.0879	1000676832827625600	199951	3	3	2	-0.03278	0.00000	0.00000	0.03278	0.00000	0.00000	0.00000	0.00000	0.00000	0.11587	-0.06491	0.99114	-0.14123	-0.06469	0.98786	-0.01133	-0.06534	0.99780	0.25286	0.59216	61.15000	2.44662	6.32240	0.38698	2.38596	6.19585	0.38509	-0.16841	0.31022	-0.33908	-0.80370	0.21032	0.03780	-0.87693	0.19878	-0.13884	-0.84729	0.20345	-0.04593
8.0990	1000676832832643600	199952	3	3	2	-0.03278	0.00000	0.00000	0.03278	0.00000	0.00000	0.00000	0.00000	0.00000	0.11558	-0.06570	0.99112	-0.14082	-0.06548	0.98787	-0.01180	-0.06614	0.99774	0.25357	0.59149	61.15000	2.44926	6.32240	0.38739	2.38882	6.19585	0.38555	-0.16912	0.30982	-0.33893	-0.80378	0.20923	0.03747	-0.87674	0.19776	-0.13853	-0.84741	0.20237	-0.04645
8.0990	1000676832837635200	199953	3	3	2	-0.03278	0.00000	0.00000	0.03278	0.00000	0.00000	0.00000	0.00000	0.00000	0.11534	-0.06631	0.99111	-0.14062	-0.06609	0.98786	-0.01212	-0.06675	0.99770	0.25401	0.56740	61.15000	2.44926	6.32240	0.38739	2.38882	6.19585	0.38555	-0.16953	0.30960	-0.33883	-0.80381	0.20861	0.03726	-0.87659	0.19717	-0.13833	-0.84743	0.20174	-0.04675
8.0990	1000676832842630800	199954	3	3	2	-0.03278	0.00000	0.00000	0.03278	0.00000	0.00000	0.00000	0.00000	0.00000	0.11514	-0.06706	0.99108	-0.14017	-0.06684	0.98787	-0.01256	-0.06750	0.99764	0.25467	0.62160	61.15000	2.44926	6.32240	0.38739	2.38882	6.19585	0.38555	-0.17014	0.30931	-0.33868	-0.80379	0.20786	0.03708	-0.87635	0.19645	-0.13790	-0.84748	0.20097	-0.04715
8.1105	1000676832847639700	199955	3	3	2	-0.03278	0.00000	0.00000	0.03278	0.00000	0.00000	0.00000	0.00000	0.00000	0.11499	-0.06773	0.99105	-0.13971	-0.06751	0.98789	-0.01291	-0.06818	0.99759	0.25529	0.68313	61.15000	2.45111	6.32240	0.38769	2.39108	6.19585	0.38592	-0.17080	0.30898	-0.33853	-0.80389	0.20695	0.03682	-0.87622	0.19558	-0.13760	-0.84763	0.20005	-0.04763
8.1105	1000676832852648600	199956	3	3	2	-0.03278	0.00000	0.00000	0.03278	0.00000	0.00000	0.00000	0.00000	0.00000	0.11487	-0.06818	0.99104	-0.13942	-0.06796	0.98790	-0.01312	-0.06863	0.99756	0.25571	0.65629	61.15000	2.45111	6.32240	0.38769	2.39108	6.19585	0.38592	-0.17119	0.30880	-0.33842	-0.80388	0.20650	0.03671	-0.87607	0.19515	-0.13732	-0.84764	0.19959	-0.04781
8.1220	1000676832857667600	199957	3	3	2	-0.03278	0.00000	0.00000	0.03278	0.00000	0.00000	0.00000	0.00000	0.00000	0.11476	-0.06871	0.99101	-0.13889	-0.06850	0.98794	-0.01328	-0.06916	0.99752	0.25637	0.64821	61.15000	2.45312	6.32240	0.38801	2.39296	6.19585	0.38622	-0.17182	0.30852	-0.33820	-0.80386	0.20577	0.03663	-0.87586	0.19444	-0.13678	-0.84762	0.19884	-0.04794
8.1220	1000676832862687000	199958	3	3	2	-0.03278	0.00000	0.00000	0.03278	0.00000	0.00000	0.00000	0.00000	0.00000	0.11462	-0.06902	0.99101	-0.13857	-0.06881	0.98796	-0.01338	-0.06948	0.99749	0.25684	0.62891	61.15000	2.45312	6.32240	0.38801	2.39296	6.19585	0.38622	-0.17225	0.30837	-0.33804	-0.80388	0.20545	0.03651	-0.87572	0.19415	-0.13647	-0.84761	0.19853	-0.04804
8.1329	1000676832867708400	199959	3	3	2	-0.03278	0.00000	0.00000	0.03278	0.00000	0.00000	0.00000	0.00000	0.00000	0.11468	-0.06903	0.99100	-0.13820	-0.06883	0.98801	-0.01312	-0.06949	0.99750	0.25716	0.57102	61.15000	2.45577	6.32240	0.38842	2.39508	6.19585	0.38656	-0.17251	0.30827	-0.33800	-0.80392	0.20530	0.03628	-0.87565	0.19401	-0.13642	-0.84757	0.19839	-0.04810
8.1329	1000676832872717300	199960	3	3	2	-0.03278	0.00000	0.00000	0.03278	0.00000	0.00000	0.00000	0.00000	0.00000	0.11453	-0.06938	0.99099	-0.13760	-0.06917	0.98807	-0.01323	-0.06983	0.99747	0.25794	0.48811	61.15000	2.45577	6.32240	0.38842	2.39508	6.19585	0.38656	-0.17322	0.30806	-0.33772	-0.80394	0.20494	0.03614	-0.87544	0.19370	-0.13584	-0.84755	0.19804	-0.04820
8.1457	1000676832877726200	199961	3	3	2	-0.03278	0.00000	0.00000	0.03278	0.00000	0.00000	0.00000	0.00000	0.00000	0.11455	-0.06947	0.99099	-0.13699	-0.06927	0.98815	-0.01307	-0.06992	0.99747	0.25856	0.44494	61.15000	2.45905	6.32240	0.38894	2.39680	6.19585	0.38684	-0.17379	0.30794	-0.33746	-0.80391	0.20475	0.03618	-0.87526	0.19353	-0.13522	-0.84747	0.19785	-0.04803
8.1457	1000676832882738400	199962	3	3	2	-0.03278	0.00000	0.00000	0.03278	0.00000	0.00000	0.00000	0.00000	0.00000	0.11453	-0.06949	0.99099	-0.13643	-0.06930	0.98822	-0.01290	-0.06994	0.99747	0.25917	0.47522	61.15000	2.45905	6.32240	0.38894	2.39680	6.19585	0.38684	-0.17433	0.30785	-0.33718	-0.80391	0.20473	0.03616	-0.87510	0.19353	-0.13467	-0.84740	0.19784	-0.04787
8.1557	1000676832887756400	199963	3	3	2	-0.03278	0.00000	0.00000	0.03278	0.00000	0.00000	0.00000	0.00000	0.00000	0.11431	-0.06965	0.99100	-0.13586	-0.06945	0.98829	-0.01295	-0.07010	0.99746	0.25999	0.43176	61.15000	2.46330	6.32240	0.38962	2.39903	6.19585	0.38720	-0.17511	0.30769	-0.33692	-0.80401	0.20454	0.03596	-0.87494	0.19336	-0.13413	-0.84741	0.19765	-0.04793
8.1557	1000676832892768600	199964	3	3	2	-0.03278	0.00000	0.00000	0.03278	0.00000	0.00000	0.00000	0.00000	0.00000	0.11427	-0.06942	0.99102	-0.13557	-0.06924	0.98835	-0.01278	-0.06988	0.99747	0.26034	0.35254	61.15000	2.46330	6.32240	0.38962	2.39903	6.19585	0.38720	-0.17542	0.30770	-0.33674	-0.80406	0.20475	0.03593	-0.87489	0.19359	-0.13385	-0.84738	0.19788	-0.04777
8.1557	1000676832897790800	199965	3	3	2	-0.03278	0.00000	0.00000	0.03278	0.00000	0.00000	0.00000	0.00000	0.00000	0.11423	-0.06919	0.99104	-0.13532	-0.06900	0.98840	-0.01260	-0.06964	0.99749	0.26065	0.34948	61.15000	2.46330	6.32240	0.38962	2.39903	6.19585	0.38720	-0.17569	0.30771	-0.33658	-0.80412	0.20498	0.03589	-0.87486	0.19383	-0.13361	-0.84735	0.19813	-0.04760
8.1656	1000676832902822000	199966	3	3	2	-0.03278	0.00000	0.00000	0.03278	0.00000	0.00000	0.00000	0.00000	0.00000	0.11417	-0.06896	0.99106	-0.13504	-0.06878	0.98845	-0.01245	-0.06941	0.99751	0.26102	0.45294	61.15000	2.46571	6.32240	0.39000	2.40071	6.19585	0.38747	-0.17608	0.30773	-0.33647	-0.80433	0.20524	0.03564	-0.87492	0.19410	-0.13355	-0.84745	0.19840	-0.04767
8.1656	1000676832907834200	199967	3	3	2	-0.03278	0.00000	0.00000	0.03278	0.00000	0.00000	0.00000	0.00000	0.00000	0.11393	-0.06886	0.99110	-0.13478	-0.06868	0.98849	-0.01248	-0.06931	0.99752	0.26155	0.46925	61.15000	2.46571	6.32240	0.39000	2.40071	6.19585	0.38747	-0.17657	0.30768	-0.33627	-0.80446	0.20532	0.03542	-0.87487	0.19422	-0.13330	-0.84748	0.19850	-0.04771
8.1768	1000676832912836700	199968	3	3	2	-0.03278	0.00000	0.00000	0.03278	0.00000	0.00000	0.00000	0.00000	0.00000	0.11389	-0.06863	0.99112	-0.13453	-0.06846	0.98854	-0.01234	-0.06908	0.99753	0.26187	0.39963	61.15000	2.46846	6.32240	0.39043	2.40290	6.19585	0.38782	-0.17687	0.30768	-0.33614	-0.80450	0.20545	0.03542	-0.87483	0.19437	-0.13302	-0.84745	0.19865	-0.04755
8.1768	1000676832917848900	199969	3	3	2	-0.03278	0.00000	0.00000	0.03278	0.00000	0.00000	0.00000	0.00000	0.00000	0.11367	-0.06854	0.99115	-0.13424	-0.06837	0.98859	-0.01234	-0.06899	0.99754	0.26241	0.35308	61.15000	2.46846	6.32240	0.39043	2.40290	6.19585	0.38782	-0.17737	0.30762	-0.33593	-0.80463	0.20553	0.03523	-0.87477	0.19447	-0.13274	-0.84746	0.19874	-0.04755
8.1881	1000676832922932900	199970	3	3	2	-0.03278	0.00000	0.00000	0.03278	0.00000	0.00000	0.00000	0.00000	0.00000	0.11347	-0.06846	0.99118	-0.13395	-0.06828	0.98863	-0.01236	-0.06890	0.99755	0.26294	0.43101	61.15000	2.47060	6.32240	0.39077	2.40527	6.19585	0.38821	-0.17790	0.30753	-0.33578	-0.80482	0.20544	0.03491	-0.87476	0.19442	-0.13262	-0.84755	0.19867	-0.04772
8.1881	1000676832927939700	199971	3	3	2	-0.03278	0.00000	0.00000	0.03278	0.00000	0.00000	0.00000	0.00000	0.00000	0.11346	-0.06831	0.99119	-0.13363	-0.06814	0.98869	-0.01226	-0.06875	0.99756	0.26330	0.37814	61.15000	2.47060	6.32240	0.39077	2.40527	6.19585	0.38821	-0.17823	0.30752	-0.33562	-0.80485	0.20558	0.03490	-0.87469	0.19458	-0.13230	-0.84753	0.19882	-0.04762
8.1991	1000676832932927400	199972	3	3	2	-0.03278	0.00000	0.00000	0.03278	0.00000	0.00000	0.00000	0.00000	0.00000	0.11330	-0.06828	0.99121	-0.13329	-0.06811	0.98873	-0.01227	-0.06871	0.99756	0.26383	0.34762	61.15000	2.47283	6.32240	0.39112	2.40721	6.19585	0.38852	-0.17875	0.30740	-0.33544	-0.80500	0.20535	0.03463	-0.87465	0.19442	-0.13212	-0.84760	0.19863	-0.04777
8.1991	1000676832937924500	199973	3	3	2	-0.03278	0.00000	0.00000	0.03278	0.00000	0.00000	0.00000	0.00000	0.00000	0.11316	-0.06826	0.99123	-0.13292	-0.06809	0.98878	-0.01226	-0.06869	0.99756	0.26439	0.37329	61.15000	2.47439	6.32240	0.39137	2.40793	6.19585	0.38864	-0.17926	0.30732	-0.33522	-0.80507	0.20536	0.03451	-0.87455	0.19446	-0.13176	-0.84760	0.19865	-0.04776
8.2102	1000676832942929700	199974	3	3	2	-0.03278	0.00000	0.00000	0.03278	0.00000	0.00000	0.00000	0.00000	0.00000	0.11321	-0.06816	0.99123	-0.13252	-0.06800	0.98885	-0.01209	-0.06860	0.99757	0.26477	0.31639	61.15000	2.47780	6.32240	0.39191	2.40930	6.19585	0.38886	-0.17961	0.30722	-0.33510	-0.80508	0.20517	0.03441	-0.87446	0.19432	-0.13152	-0.84756	0.19848	-0.04774
8.2102	1000676832947919100	199975	3	3	2	-0.03278	0.00000	0.00000	0.03278	0.00000	0.00000	0.00000	0.00000	0.00000	0.11328	-0.06811	0.99123	-0.13212	-0.06795	0.98890	-0.01191	-0.06854	0.99758	0.26514	0.33480	61.15000	2.47780	6.32240	0.39191	2.40930	6.19585	0.38886	-0.17993	0.30718	-0.33491	-0.80505	0.20523	0.03447	-0.87436	0.19439	-0.13113	-0.84750	0.19855	-0.04758
8.2102	1000676832952914800	199976	3	3	2	-0.03278	0.00000	0.00000	0.03278	0.00000	0.00000	0.00000	0.00000	0.00000	0.11335	-0.06807	0.99122	-0.13168	-0.06791	0.98896	-0.01170	-0.06851	0.99758	0.26554	0.34591	61.15000	2.47780	6.32240	0.39191	2.40930	6.19585	0.38886	-0.18027	0.30713	-0.33470	-0.80502	0.20527	0.03453	-0.87424	0.19444	-0.13071	-0.84743	0.19860	-0.04739
8.2215	1000676832957916900	199977	3	3	2	-0.03278	0.00000	0.00000	0.03278	0.00000	0.00000	0.00000	0.00000	0.00000	0.11343	-0.06805	0.99121	-0.13126	-0.06790	0.98902	-0.01146	-0.06849	0.99759	0.26592	0.35552	61.15000	2.48086	6.32240	0.39239	2.41051	6.19585	0.38905	-0.18062	0.30701	-0.33457	-0.80508	0.20507	0.03439	-0.87419	0.19427	-0.13053	-0.84741	0.19841	-0.04739
8.2215	1000676832962922100	199978	3	3	2	-0.03278	0.00000	0.00000	0.03278	0.00000	0.00000	0.00000	0.00000	0.00000	0.11338	-0.06814	0.99121	-0.13085	-0.06799	0.98907	-0.01139	-0.06858	0.99758	0.26644	0.37720	61.15000	2.48086	6.32240	0.39239	2.41051	6.19585	0.38905	-0.18108	0.30691	-0.33435	-0.80509	0.20498	0.03435	-0.87406	0.19420	-0.13012	-0.84737	0.19833	-0.04732
8.2325	1000676832967948700	199979	3	3	2	-0.03278	0.00000	0.00000	0.03278	0.00000	0.00000	0.00000	0.00000	0.00000	0.11345	-0.06816	0.99120	-0.13047	-0.06801	0.98912	-0.01112	-0.06860	0.99758	0.26677	0.41035	61.15000	2.48213	6.32240	0.39259	2.41115	6.19585	0.38916	-0.18137	0.30681	-0.33423	-0.80507	0.20475	0.03428	-0.87396	0.19401	-0.12990	-0.84728	0.19812	-0.04722
8.2436	1000676832972951500	199980	3	3	2	-0.03278	0.00000	0.00000	0.03278	0.00000	0.00000	0.00000	0.00000	0.00000	0.11339	-0.06828	0.99120	-0.13012	-0.06814	0.98915	-0.01110	-0.06872	0.99757	0.26724	0.40691	61.15000	2.48457	6.32240	0.39298	2.41269	6.19585	0.38940	-0.18186	0.30670	-0.33415	-0.80528	0.20461	0.03388	-0.87398	0.19388	-0.12992	-0.84742	0.19798	-0.04755
8.2436	1000676832977999800	199981	3	3	2	-0.03278	0.00000	0.00000	0.03278	0.00000	0.00000	0.00000	0.00000	0.00000	0.11330	-0.06843	0.99120	-0.12982	-0.06829	0.98918	-0.01107	-0.06887	0.99756	0.26766	0.41474	61.15000	2.48457	6.32240	0.39298	2.41269	6.19585	0.38940	-0.18223	0.30660	-0.33398	-0.80530	0.20446	0.03381	-0.87388	0.19375	-0.12964	-0.84739	0.19783	-0.04753
8.2436	1000676832983002600	199982	3	3	2	-0.03278	0.00000	0.00000	0.03278	0.00000	0.00000	0.00000	0.00000	0.00000	0.11332	-0.06847	0.99120	-0.12957	-0.06833	0.98921	-0.01091	-0.06891	0.99756	0.26793	0.42207	61.15000	2.48457	6.32240	0.39298	2.41269	6.19585	0.38940	-0.18245	0.30655	-0.33384	-0.80529	0.20442	0.03382	-0.87380	0.19372	-0.12939	-0.84732	0.19781	-0.04738
8.2545	1000676832988017100	199983	3	3	2	-0.03278	0.00000	0.00000	0.03278	0.00000	0.00000	0.00000	0.00000	0.00000	0.11321	-0.06861	0.99120	-0.12935	-0.06847	0.98923	-0.01094	-0.06905	0.99755	0.26830	0.45267	61.15000	2.48581	6.32240	0.39318	2.41378	6.19585	0.38958	-0.18281	0.30646	-0.33379	-0.80541	0.20426	0.03352	-0.87378	0.19358	-0.12939	-0.84738	0.19765	-0.04761
8.2545	1000676832993025600	199984	3	3	2	-0.03278	0.00000	0.00000	0.03278	0.00000	0.00000	0.00000	0.00000	0.00000	0.11310	-0.06877	0.99120	-0.12920	-0.06863	0.98924	-0.01098	-0.06921	0.99754	0.26859	0.46169	61.15000	2.48649	6.32240	0.39328	2.41457	6.19585	0.38971	-0.18308	0.30637	-0.33368	-0.80544	0.20409	0.03343	-0.87371	0.19343	-0.12925	-0.84738	0.19749	-0.04766
8.2656	1000676832998052900	199985	3	3	2	-0.03278	0.00000	0.00000	0.03278	0.00000	0.00000	0.00000	0.00000	0.00000	0.11298	-0.06891	0.99120	-0.12903	-0.06877	0.98925	-0.01107	-0.06935	0.99753	0.26891	0.45248	61.15000	2.48814	6.32240	0.39354	2.41614	6.19585	0.38996	-0.18340	0.30631	-0.33356	-0.80557	0.20406	0.03327	-0.87372	0.19340	-0.12915	-0.84747	0.19745	-0.04780
8.2656	1000676833003058100	199986	3	3	2	-0.03278	0.00000	0.00000	0.03278	0.00000	0.00000	0.00000	0.00000	0.00000	0.11288	-0.06904	0.99121	-0.12888	-0.06891	0.98926	-0.01112	-0.06948	0.99752	0.26920	0.51531	61.15000	2.48814	6.32240	0.39354	2.41614	6.19585	0.38996	-0.18367	0.30623	-0.33346	-0.80560	0.20392	0.03318	-0.87365	0.19327	-0.12900	-0.84747	0.19732	-0.04784
8.2656	1000676833008056400	199987	3	3	2	-0.03278	0.00000	0.00000	0.03278	0.00000	0.00000	0.00000	0.00000	0.00000	0.11280	-0.06915	0.99121	-0.12877	-0.06902	0.98927	-0.01117	-0.06959	0.99751	0.26942	0.59575	61.15000	2.48814	6.32240	0.39354	2.41614	6.19585	0.38996	-0.18386	0.30617	-0.33338	-0.80563	0.20381	0.03311	-0.87360	0.19317	-0.12889	-0.84747	0.19721	-0.04788
8.2772	1000676833013059200	199988	3	3	2	-0.03278	0.00000	0.00000	0.03278	0.00000	0.00000	0.00000	0.00000	0.00000	0.11275	-0.06924	0.99121	-0.12866	-0.06910	0.98928	-0.01122	-0.06968	0.99751	0.26960	0.65736	61.15000	2.49014	6.32240	0.39386	2.41798	6.19585	0.39026	-0.18405	0.30612	-0.33337	-0.80570	0.20370	0.03293	-0.87360	0.19305	-0.12893	-0.84753	0.19709	-0.04807
8.2772	1000676833018106800	199989	3	3	2	-0.03278	0.00000	0.00000	0.03278	0.00000	0.00000	0.00000	0.00000	0.00000	0.11273	-0.06932	0.99121	-0.12857	-0.06918	0.98928	-0.01125	-0.06976	0.99750	0.26972	0.65902	61.15000	2.49014	6.32240	0.39386	2.41798	6.19585	0.39026	-0.18416	0.30608	-0.33333	-0.80570	0.20362	0.03292	-0.87356	0.19297	-0.12885	-0.84753	0.19701	-0.04810
8.2886	1000676833023109600	199990	3	3	2	-0.03278	0.00000	0.00000	0.03278	0.00000	0.00000	0.00000	0.00000	0.00000	0.11275	-0.06938	0.99120	-0.12847	-0.06925	0.98929	-0.01127	-0.06982	0.99750	0.26981	0.71027	61.15000	2.49297	6.32240	0.39431	2.41978	6.19585	0.39055	-0.18428	0.30606	-0.33334	-0.80578	0.20367	0.03280	-0.87360	0.19300	-0.12889	-0.84761	0.19705	-0.04825
8.2886	1000676833028112100	199991	3	3	2	-0.03278	0.00000	0.00000	0.03278	0.00000	0.00000	0.00000	0.00000	0.00000	0.11279	-0.06953	0.99118	-0.12818	-0.06940	0.98932	-0.01131	-0.06997	0.99748	0.27009	0.74531	61.15000	2.49297	6.32240	0.39431	2.41978	6.19585	0.39055	-0.18453	0.30598	-0.33324	-0.80574	0.20353	0.03284	-0.87349	0.19287	-0.12861	-0.84760	0.19689	-0.04829
8.3016	1000676833033114900	199992	3	3	2	-0.03278	0.00000	0.00000	0.03278	0.00000	0.00000	0.00000	0.00000	0.00000	0.11285	-0.06968	0.99117	-0.12787	-0.06955	0.98935	-0.01133	-0.07012	0.99747	0.27038	0.74671	61.15000	2.49659	6.32240	0.39488	2.42396	6.19585	0.39122	-0.18479	0.30587	-0.33320	-0.80575	0.20332	0.03271	-0.87342	0.19266	-0.12850	-0.84764	0.19668	-0.04850
8.3016	1000676833038173500	199993	3	3	2	-0.03278	0.00000	0.00000	0.03278	0.00000	0.00000	0.00000	0.00000	0.00000	0.11293	-0.06982	0.99115	-0.12757	-0.06969	0.98938	-0.01132	-0.07026	0.99746	0.27064	0.79961	61.15000	2.49659	6.32240	0.39488	2.42396	6.19585	0.39122	-0.18502	0.30580	-0.33310	-0.80569	0.20319	0.03278	-0.87331	0.19254	-0.12821	-0.84761	0.19654	-0.04848
8.3016	1000676833043155300	199994	3	3	2	-0.03278	0.00000	0.00000	0.03278	0.00000	0.00000	0.00000	0.00000	0.00000	0.11302	-0.06986	0.99113	-0.12750	-0.06974	0.98938	-0.01132	-0.07031	0.99746	0.27062	0.78859	61.15000	2.49659	6.32240	0.39488	2.42396	6.19585	0.39122	-0.18500	0.30579	-0.33311	-0.80564	0.20315	0.03286	-0.87329	0.19250	-0.12814	-0.84761	0.19649	-0.04848
8.3106	1000676833048157400	199995	3	3	2	-0.03278	0.00000	0.00000	0.03278	0.00000	0.00000	0.00000	0.00000	0.00000	0.11312	-0.06991	0.99112	-0.12744	-0.06979	0.98939	-0.01130	-0.07036	0.99746	0.27057	0.78542	61.15000	2.49893	6.32240	0.39525	2.42717	6.19585	0.39174	-0.18493	0.30573	-0.33317	-0.80557	0.20295	0.03283	-0.87324	0.19229	-0.12820	-0.84757	0.19628	-0.04858
8.3106	1000676833053159500	199996	3	3	2	-0.03278	0.00000	0.00000	0.03278	0.00000	0.00000	0.00000	0.00000	0.00000	0.11322	-0.07001	0.99110	-0.12740	-0.06988	0.98939	-0.01130	-0.07045	0.99745	0.27050	0.78051	61.15000	2.49893	6.32240	0.39525	2.42717	6.19585	0.39174	-0.18486	0.30572	-0.33320	-0.80551	0.20286	0.03292	-0.87321	0.19220	-0.12816	-0.84756	0.19619	-0.04859
8.3209	1000676833058161600	199997	3	3	2	-0.03278	0.00000	0.00000	0.03278	0.00000	0.00000	0.00000	0.00000	0.00000	0.11345	-0.07009	0.99107	-0.12716	-0.06997	0.98941	-0.01118	-0.07054	0.99745	0.27051	0.78984	61.15000	2.50115	6.32240	0.39560	2.42962	6.19585	0.39214	-0.18485	0.30562	-0.33324	-0.80540	0.20254	0.03296	-0.87313	0.19187	-0.12810	-0.84750	0.19585	-0.04864
8.3209	1000676833063163700	199998	3	3	2	-0.03278	0.00000	0.00000	0.03278	0.00000	0.00000	0.00000	0.00000	0.00000	0.11359	-0.07033	0.99104	-0.12697	-0.07022	0.98942	-0.01117	-0.07079	0.99743	0.27056	0.78657	61.15000	2.50115	6.32240	0.39560	2.42962	6.19585	0.39214	-0.18489	0.30555	-0.33322	-0.80529	0.20231	0.03308	-0.87304	0.19163	-0.12792	-0.84746	0.19561	-0.04863
8.3319	1000676833068196400	199999	3	3	2	-0.03278	0.00000	0.00000	0.03278	0.00000	0.00000	0.00000	0.00000	0.00000	0.11376	-0.07050	0.99100	-0.12693	-0.07038	0.98941	-0.01115	-0.07095	0.99742	0.27042	0.84010	61.15000	2.50313	6.32240	0.39591	2.43158	6.19585	0.39245	-0.18475	0.30552	-0.33334	-0.80523	0.20216	0.03308	-0.87303	0.19147	-0.12804	-0.84747	0.19545	-0.04877
8.3319	1000676833073199200	200000	3	3	2	-0.03278	0.00000	0.00000	0.03278	0.00000	0.00000	0.00000	0.00000	0.00000	0.11396	-0.07069	0.99097	-0.12691	-0.07058	0.98940	-0.01113	-0.07115	0.99740	0.27022	0.83477	61.15000	2.50313	6.32240	0.39591	2.43158	6.19585	0.39245	-0.18456	0.30549	-0.33341	-0.80510	0.20198	0.03325	-0.87299	0.19128	-0.12802	-0.84743	0.19525	-0.04875
8.3430	1000676833078241900	200001	3	3	2	-0.03278	0.00000	0.00000	0.03278	0.00000	0.00000	0.00000	0.00000	0.00000	0.11432	-0.07078	0.99092	-0.12686	-0.07067	0.98940	-0.01098	-0.07124	0.99740	0.26987	0.83326	61.15000	2.50502	6.32240	0.39621	2.43344	6.19585	0.39275	-0.18425	0.30548	-0.33359	-0.80499	0.20178	0.03337	-0.87302	0.19104	-0.12818	-0.84742	0.19503	-0.04881
8.3430	1000676833083238700	200002	3	3	2	-0.03278	0.00000	0.00000	0.03278	0.00000	0.00000	0.00000	0.00000	0.00000	0.11441	-0.07127	0.99087	-0.12665	-0.07117	0.98939	-0.01084	-0.07174	0.99736	0.27000	0.80341	61.15000	2.50502	6.32240	0.39621	2.43344	6.19585	0.39275	-0.18433	0.30533	-0.33351	-0.80486	0.20130	0.03345	-0.87288	0.19056	-0.12798	-0.84729	0.19454	-0.04869
8.3542	1000676833088216800	200003	3	3	2	-0.03278	0.00000	0.00000	0.03278	0.00000	0.00000	0.00000	0.00000	0.00000	0.11448	-0.07192	0.99082	-0.12651	-0.07181	0.98936	-0.01075	-0.07239	0.99732	0.27007	0.78153	61.15000	2.50655	6.32240	0.39646	2.43498	6.19585	0.39300	-0.18441	0.30510	-0.33352	-0.80480	0.20055	0.03335	-0.87279	0.18982	-0.12801	-0.84722	0.19379	-0.04877
8.3542	1000676833093233700	200004	3	3	2	-0.03278	0.00000	0.00000	0.03278	0.00000	0.00000	0.00000	0.00000	0.00000	0.11441	-0.07274	0.99077	-0.12676	-0.07263	0.98927	-0.01105	-0.07321	0.99726	0.26987	0.64018	61.15000	2.50655	6.32240	0.39646	2.43498	6.19585	0.39300	-0.18422	0.30491	-0.33368	-0.80470	0.19973	0.03329	-0.87272	0.18900	-0.12825	-0.84719	0.19295	-0.04905
8.3655	1000676833098284700	200005	3	3	2	-0.03278	0.00000	0.00000	0.03278	0.00000	0.00000	0.00000	0.00000	0.00000	0.11471	-0.07297	0.99072	-0.12640	-0.07286	0.98930	-0.01115	-0.07345	0.99724	0.26994	0.53033	61.15000	2.50916	6.32240	0.39687	2.47107	6.19585	0.39883	-0.18429	0.30481	-0.33377	-0.80460	0.19945	0.03330	-0.87264	0.18872	-0.12817	-0.84727	0.19264	-0.04940
8.3655	1000676833103292200	200006	3	3	2	-0.03278	0.00000	0.00000	0.03278	0.00000	0.00000	0.00000	0.00000	0.00000	0.11772	-0.07162	0.99046	-0.12227	-0.07158	0.98991	-0.00996	-0.07212	0.99735	0.27123	0.00000	61.15000	2.50916	6.32240	0.39687	2.47107	6.19585	0.39883	-0.18540	0.30499	-0.33297	-0.80332	0.20100	0.03592	-0.87170	0.19020	-0.12418	-0.84703	0.19403	-0.04830
8.3655	1000676833108295400	200007	3	3	2	-0.03278	0.00000	0.00000	0.03278	0.00000	0.00000	0.00000	0.00000	0.00000	0.12506	-0.06557	0.98998	-0.11347	-0.06566	0.99137	-0.00646	-0.06608	0.99779	0.27291	0.00000	61.15000	2.50916	6.32240	0.39687	2.47107	6.19585	0.39883	-0.18682	0.30642	-0.33143	-0.80058	0.20751	0.04230	-0.87014	0.19652	-0.11568	-0.84665	0.20022	-0.04507
8.3761	1000676833113304100	200008	3	3	2	-0.03278	0.00000	0.00000	0.03278	0.00000	0.00000	0.00000	0.00000	0.00000	0.13672	-0.05194	0.98925	-0.10103	-0.05216	0.99352	0.00000	-0.05243	0.99862	0.27374	0.00000	61.15000	2.50099	6.32240	0.39558	2.47449	6.19585	0.39938	-0.18746	0.31010	-0.32958	-0.79671	0.22178	0.05215	-0.86855	0.21047	-0.10398	-0.84626	0.21405	-0.03937
8.3761	1000676833118302900	200009	3	3	2	-0.03278	0.00000	0.00000	0.03278	0.00000	0.00000	0.00000	0.00000	0.00000	0.15304	-0.03211	0.98770	-0.08610	-0.03238	0.99576	0.01024	-0.03249	0.99942	0.27189	0.00000	61.15000	2.50099	6.32240	0.39558	2.47449	6.19585	0.39938	-0.18542	0.31589	-0.32782	-0.79081	0.24265	0.06599	-0.86666	0.23090	-0.08990	-0.84490	0.23446	-0.03018
8.3876	1000676833123311300	200010	3	3	2	-0.03278	0.00000	0.00000	0.03278	0.00000	0.00000	0.00000	0.00000	0.00000	0.17079	-0.01042	0.98525	-0.06961	-0.01055	0.99752	0.02191	-0.01057	0.99970	0.27006	0.00000	61.15000	2.48162	6.32240	0.39251	2.45357	6.19585	0.39600	-0.18326	0.32222	-0.32587	-0.78399	0.26577	0.08040	-0.86413	0.25376	-0.07501	-0.84296	0.25722	-0.02028
8.3876	1000676833128378300	200011	3	3	2	-0.03278	0.00000	0.00000	0.03278	0.00000	0.00000	0.00000	0.00000	0.00000	0.18084	0.00657	0.98349	-0.05467	0.00667	0.99848	0.03723	0.00668	0.99928	0.27534	0.00000	61.15000	2.48162	6.32240	0.39251	2.45357	6.19585	0.39600	-0.18673	0.32675	-0.31996	-0.78009	0.28345	0.08848	-0.86080	0.27175	-0.06136	-0.83823	0.27538	-0.00685
8.3989	1000676833133387000	200012	3	3	2	-0.03278	0.00000	0.00000	0.03278	0.00000	0.00000	0.00000	0.00000	0.00000	0.18847	0.01856	0.98190	-0.04200	0.01888	0.99894	0.05281	0.01887	0.99843	0.28105	0.00000	61.15000	2.47958	6.32240	0.39219	2.43474	6.19585	0.39296	-0.19035	0.33011	-0.31374	-0.77700	0.29618	0.09432	-0.85759	0.28483	-0.05011	-0.83268	0.28874	0.00657
8.3989	1000676833138387600	200013	3	3	2	-0.03278	0.00000	0.00000	0.03278	0.00000	0.00000	0.00000	0.00000	0.00000	0.19647	0.03107	0.98002	-0.03143	0.03168	0.99900	0.06542	0.03162	0.99736	0.28383	0.00000	61.15000	2.47958	6.32240	0.39219	2.43474	6.19585	0.39296	-0.19150	0.33380	-0.30943	-0.77335	0.30928	0.10059	-0.85474	0.29822	-0.04073	-0.82798	0.30230	0.01737
8.4098	1000676833143396300	200014	3	3	2	-0.03278	0.00000	0.00000	0.03278	0.00000	0.00000	0.00000	0.00000	0.00000	0.20417	0.04423	0.97794	-0.02032	0.04517	0.99877	0.07783	0.04504	0.99595	0.28773	0.00000	61.15000	2.48055	6.32240	0.39234	2.41389	6.19585	0.38960	-0.19362	0.33779	-0.30476	-0.76994	0.32322	0.10611	-0.85164	0.31252	-0.03137	-0.82332	0.31672	0.02745
8.4098	1000676833148425400	200015	3	3	2	-0.03278	0.00000	0.00000	0.03278	0.00000	0.00000	0.00000	0.00000	0.00000	0.21006	0.05483	0.97615	-0.01335	0.05608	0.99834	0.08504	0.05588	0.99481	0.28877	0.00000	61.15000	2.48055	6.32240	0.39234	2.41389	6.19585	0.38960	-0.19372	0.34103	-0.30258	-0.76703	0.33428	0.11052	-0.84957	0.32384	-0.02544	-0.82050	0.32805	0.03333
8.4098	1000676833153440700	200016	3	3	2	-0.03278	0.00000	0.00000	0.03278	0.00000	0.00000	0.00000	0.00000	0.00000	0.20963	0.06299	0.97575	-0.00877	0.06442	0.99788	0.08910	0.06417	0.99395	0.29536	0.00000	61.15000	2.48055	6.32240	0.39234	2.41389	6.19585	0.38960	-0.19906	0.34344	-0.29853	-0.76763	0.34241	0.10976	-0.84817	0.33247	-0.02163	-0.81893	0.33662	0.03650
8.4206	1000676833158449400	200017	3	3	2	-0.03278	0.00000	0.00000	0.03278	0.00000	0.00000	0.00000	0.00000	0.00000	0.20958	0.06875	0.97537	-0.00533	0.07031	0.99751	0.09309	0.07000	0.99319	0.30011	0.00000	61.15000	2.48207	6.32240	0.39258	2.40935	6.19585	0.38887	-0.20276	0.34531	-0.29540	-0.76796	0.34839	0.10922	-0.84712	0.33879	-0.01899	-0.81732	0.34296	0.03950
8.4206	1000676833163461400	200018	3	3	2	-0.03278	0.00000	0.00000	0.03278	0.00000	0.00000	0.00000	0.00000	0.00000	0.21019	0.07368	0.97488	-0.00396	0.07536	0.99715	0.09457	0.07503	0.99269	0.30112	0.00000	61.15000	2.48207	6.32240	0.39258	2.40935	6.19585	0.38887	-0.20348	0.34686	-0.29460	-0.76776	0.35338	0.10945	-0.84675	0.34393	-0.01801	-0.81676	0.34809	0.04052
8.4329	1000676833168458500	200019	3	3	2	-0.03278	0.00000	0.00000	0.03278	0.00000	0.00000	0.00000	0.00000	0.00000	0.21059	0.07748	0.97450	-0.00275	0.07926	0.99685	0.09572	0.07890	0.99228	0.30223	0.00000	61.15000	2.48468	6.32240	0.39300	2.40740	6.19585	0.38855	-0.20432	0.34810	-0.29389	-0.76769	0.35734	0.10942	-0.84643	0.34803	-0.01727	-0.81637	0.35217	0.04117
8.4329	1000676833173470500	200020	3	3	2	-0.03278	0.00000	0.00000	0.03278	0.00000	0.00000	0.00000	0.00000	0.00000	0.21132	0.08044	0.97410	-0.00164	0.08230	0.99661	0.09708	0.08191	0.99190	0.30270	0.00000	61.15000	2.48468	6.32240	0.39300	2.40740	6.19585	0.38855	-0.20456	0.34904	-0.29336	-0.76733	0.36036	0.10986	-0.84607	0.35113	-0.01644	-0.81579	0.35528	0.04219
8.4437	1000676833178481900	200021	3	3	2	-0.03278	0.00000	0.00000	0.03278	0.00000	0.00000	0.00000	0.00000	0.00000	0.21805	0.08448	0.97227	-0.00059	0.08656	0.99625	0.09563	0.08616	0.99168	0.29449	0.00000	61.15000	2.48580	6.32240	0.39317	2.40688	6.19585	0.38847	-0.19771	0.35019	-0.29785	-0.76369	0.36491	0.11488	-0.84598	0.35546	-0.01608	-0.81683	0.35941	0.04032
8.4437	1000676833183494100	200022	3	3	2	-0.03278	0.00000	0.00000	0.03278	0.00000	0.00000	0.00000	0.00000	0.00000	0.22329	0.08713	0.97085	0.00029	0.08938	0.99600	0.09466	0.08898	0.99153	0.28847	0.00000	61.15000	2.48580	6.32240	0.39317	2.40688	6.19585	0.38847	-0.19258	0.35091	-0.30103	-0.76059	0.36799	0.11905	-0.84568	0.35834	-0.01544	-0.81735	0.36217	0.03929
8.4565	1000676833188505900	200023	3	3	2	-0.03278	0.00000	0.00000	0.03278	0.00000	0.00000	0.00000	0.00000	0.00000	0.22747	0.08890	0.96972	0.00122	0.09130	0.99582	0.09399	0.09089	0.99142	0.28410	0.00000	61.15000	2.48606	6.32240	0.39321	2.40814	6.19585	0.38867	-0.18885	0.35136	-0.30340	-0.75819	0.37006	0.12219	-0.84541	0.36029	-0.01493	-0.81778	0.36400	0.03837
8.4565	1000676833193518100	200024	3	3	2	-0.03278	0.00000	0.00000	0.03278	0.00000	0.00000	0.00000	0.00000	0.00000	0.23065	0.09006	0.96886	0.00211	0.09256	0.99571	0.09335	0.09215	0.99136	0.28107	0.00000	61.15000	2.48606	6.32240	0.39321	2.40814	6.19585	0.38867	-0.18629	0.35165	-0.30502	-0.75627	0.37148	0.12474	-0.84508	0.36161	-0.01419	-0.81810	0.36522	0.03773
8.4565	1000676833198530100	200025	3	3	2	-0.03278	0.00000	0.00000	0.03278	0.00000	0.00000	0.00000	0.00000	0.00000	0.23309	0.09086	0.96820	0.00347	0.09343	0.99562	0.09322	0.09302	0.99129	0.27960	0.00000	61.15000	2.48606	6.32240	0.39321	2.40814	6.19585	0.38867	-0.18501	0.35186	-0.30577	-0.75478	0.37248	0.12670	-0.84455	0.36257	-0.01300	-0.81818	0.36609	0.03755
8.4660	1000676833203542300	200026	3	3	2	-0.03278	0.00000	0.00000	0.03278	0.00000	0.00000	0.00000	0.00000	0.00000	0.23489	0.09147	0.96771	0.00468	0.09410	0.99555	0.09289	0.09369	0.99126	0.27877	0.00000	61.15000	2.48608	6.32240	0.39322	2.40857	6.19585	0.38874	-0.18435	0.35195	-0.30625	-0.75367	0.37296	0.12820	-0.84407	0.36308	-0.01187	-0.81833	0.36648	0.03729
8.4770	1000676833208551800	200027	3	3	2	-0.03278	0.00000	0.00000	0.03278	0.00000	0.00000	0.00000	0.00000	0.00000	0.23614	0.09192	0.96736	0.00562	0.09460	0.99550	0.09274	0.09419	0.99122	0.27833	0.00000	61.15000	2.48611	6.32240	0.39322	2.40914	6.19585	0.38883	-0.18398	0.35210	-0.30656	-0.75298	0.37355	0.12905	-0.84376	0.36369	-0.01120	-0.81847	0.36701	0.03697
8.4770	1000676833213565000	200028	3	3	2	-0.03278	0.00000	0.00000	0.03278	0.00000	0.00000	0.00000	0.00000	0.00000	0.23717	0.09233	0.96707	0.00665	0.09504	0.99545	0.09278	0.09464	0.99118	0.27825	0.00000	61.15000	2.48611	6.32240	0.39322	2.40914	6.19585	0.38883	-0.18391	0.35222	-0.30660	-0.75235	0.37404	0.12987	-0.84335	0.36420	-0.01029	-0.81846	0.36746	0.03698
8.4770	1000676833218577000	200029	3	3	2	-0.03278	0.00000	0.00000	0.03278	0.00000	0.00000	0.00000	0.00000	0.00000	0.23787	0.09268	0.96687	0.00754	0.09541	0.99541	0.09280	0.09500	0.99114	0.27842	0.00000	61.15000	2.48611	6.32240	0.39322	2.40914	6.19585	0.38883	-0.18406	0.35233	-0.30652	-0.75192	0.37445	0.13042	-0.84300	0.36462	-0.00950	-0.81845	0.36783	0.03697
8.4879	1000676833223592300	200030	3	3	2	-0.03278	0.00000	0.00000	0.03278	0.00000	0.00000	0.00000	0.00000	0.00000	0.23850	0.09307	0.96667	0.00841	0.09583	0.99536	0.09299	0.09542	0.99108	0.27866	0.00715	61.15000	2.48654	6.32240	0.39329	2.41014	6.19585	0.38899	-0.18424	0.35251	-0.30637	-0.75151	0.37505	0.13092	-0.84264	0.36528	-0.00872	-0.81834	0.36843	0.03712
8.4879	1000676833228604300	200031	3	3	2	-0.03278	0.00000	0.00000	0.03278	0.00000	0.00000	0.00000	0.00000	0.00000	0.23908	0.09347	0.96649	0.00954	0.09625	0.99531	0.09346	0.09584	0.99100	0.27928	0.12348	61.15000	2.48654	6.32240	0.39329	2.41014	6.19585	0.38899	-0.18472	0.35265	-0.30597	-0.75116	0.37550	0.13137	-0.84219	0.36577	-0.00771	-0.81812	0.36888	0.03751
8.4992	1000676833233623700	200032	3	3	2	-0.03278	0.00000	0.00000	0.03278	0.00000	0.00000	0.00000	0.00000	0.00000	0.23975	0.09388	0.96628	0.01062	0.09669	0.99526	0.09373	0.09627	0.99093	0.27972	0.29384	61.15000	2.48691	6.32240	0.39335	2.41249	6.19585	0.38937	-0.18511	0.35289	-0.30565	-0.75075	0.37630	0.13197	-0.84178	0.36657	-0.00667	-0.81801	0.36965	0.03780
8.4992	1000676833238635700	200033	3	3	2	-0.03278	0.00000	0.00000	0.03278	0.00000	0.00000	0.00000	0.00000	0.00000	0.24045	0.09432	0.96607	0.01182	0.09716	0.99520	0.09422	0.09674	0.99084	0.28028	0.50848	61.15000	2.48691	6.32240	0.39335	2.41249	6.19585	0.38937	-0.18553	0.35305	-0.30527	-0.75032	0.37680	0.13251	-0.84130	0.36712	-0.00560	-0.81778	0.37014	0.03820
8.5105	1000676833243638300	200034	3	3	2	-0.03278	0.00000	0.00000	0.03278	0.00000	0.00000	0.00000	0.00000	0.00000	0.24003	0.09382	0.96622	0.01297	0.09664	0.99524	0.09756	0.09618	0.99057	0.28222	0.31892	61.15000	2.48766	6.32240	0.39347	2.41532	6.19585	0.38983	-0.18678	0.35307	-0.30351	-0.75059	0.37649	0.13218	-0.84084	0.36686	-0.00454	-0.81618	0.37003	0.04115
8.5105	1000676833248650300	200035	3	3	2	-0.03278	0.00000	0.00000	0.03278	0.00000	0.00000	0.00000	0.00000	0.00000	0.23686	0.09319	0.96707	0.01402	0.09591	0.99529	0.09985	0.09544	0.99042	0.28771	0.31089	61.15000	2.48766	6.32240	0.39347	2.41532	6.19585	0.38983	-0.19128	0.35303	-0.30028	-0.75255	0.37560	0.12962	-0.84040	0.36619	-0.00354	-0.81506	0.36944	0.04321
8.5105	1000676833253669700	200036	3	3	2	-0.03278	0.00000	0.00000	0.03278	0.00000	0.00000	0.00000	0.00000	0.00000	0.23469	0.09285	0.96763	0.01500	0.09551	0.99532	0.10191	0.09502	0.99025	0.29193	0.35296	61.15000	2.48766	6.32240	0.39347	2.41532	6.19585	0.38983	-0.19468	0.35305	-0.29771	-0.75388	0.37508	0.12787	-0.84000	0.36586	-0.00261	-0.81405	0.36917	0.04504
8.5213	1000676833258704300	200037	3	3	2	-0.03278	0.00000	0.00000	0.03278	0.00000	0.00000	0.00000	0.00000	0.00000	0.23318	0.09249	0.96802	0.01601	0.09510	0.99534	0.10382	0.09460	0.99009	0.29538	0.41988	61.15000	2.48976	6.32240	0.39380	2.41653	6.19585	0.39002	-0.19743	0.35315	-0.29553	-0.75482	0.37493	0.12662	-0.83960	0.36585	-0.00169	-0.81314	0.36922	0.04671
8.5213	1000676833263723700	200038	3	3	2	-0.03278	0.00000	0.00000	0.03278	0.00000	0.00000	0.00000	0.00000	0.00000	0.23219	0.09223	0.96829	0.01694	0.09480	0.99535	0.10556	0.09429	0.98993	0.29806	0.43265	61.15000	2.48976	6.32240	0.39380	2.41653	6.19585	0.39002	-0.19951	0.35315	-0.29377	-0.75542	0.37459	0.12583	-0.83922	0.36561	-0.00083	-0.81228	0.36903	0.04826
8.5328	1000676833268705200	200039	3	3	2	-0.03278	0.00000	0.00000	0.03278	0.00000	0.00000	0.00000	0.00000	0.00000	0.23313	0.09238	0.96805	0.01787	0.09498	0.99532	0.10799	0.09444	0.98966	0.29797	0.37401	61.15000	2.49148	6.32240	0.39407	2.41742	6.19585	0.39017	-0.19908	0.35330	-0.29319	-0.75481	0.37492	0.12661	-0.83882	0.36595	0.00004	-0.81106	0.36947	0.05041
8.5328	1000676833273740700	200040	3	3	2	-0.03278	0.00000	0.00000	0.03278	0.00000	0.00000	0.00000	0.00000	0.00000	0.23417	0.09250	0.96779	0.01886	0.09513	0.99529	0.11030	0.09457	0.98939	0.29782	0.53111	61.15000	2.49148	6.32240	0.39407	2.41742	6.19585	0.39017	-0.19861	0.35338	-0.29267	-0.75418	0.37513	0.12746	-0.83841	0.36617	0.00093	-0.80992	0.36976	0.05241
8.5436	1000676833278760100	200041	2	3	2	-0.03278	0.00000	0.00000	0.03278	0.00000	0.00000	0.00000	0.00000	0.00000	0.23599	0.09332	0.96726	0.01983	0.09601	0.99518	0.10884	0.09546	0.98947	0.29653	0.22236	61.15000	2.49202	6.32240	0.39416	2.41870	6.19585	0.39037	-0.19770	0.35363	-0.29374	-0.75309	0.37620	0.12884	-0.83804	0.36722	0.00169	-0.81067	0.37065	0.05101
8.5436	1000676833283766900	200042	3	3	2	-0.03278	0.00000	0.00000	0.03278	0.00000	0.00000	0.00000	0.00000	0.00000	0.23477	0.09318	0.96758	0.02070	0.09583	0.99518	0.11021	0.09527	0.98933	0.29947	0.00000	61.15000	2.49202	6.32240	0.39416	2.41870	6.19585	0.39037	-0.20006	0.35367	-0.29193	-0.75384	0.37596	0.12784	-0.83768	0.36709	0.00249	-0.80999	0.37056	0.05222
8.5547	1000676833288750000	200043	3	3	2	-0.03278	0.00000	0.00000	0.03278	0.00000	0.00000	0.00000	0.00000	0.00000	0.23584	0.09336	0.96730	0.02140	0.09605	0.99515	0.11214	0.09546	0.98910	0.29888	0.00000	61.15000	2.49207	6.32240	0.39416	2.41973	6.19585	0.39054	-0.19929	0.35386	-0.29181	-0.75323	0.37654	0.12858	-0.83743	0.36766	0.00298	-0.80908	0.37120	0.05376
8.5547	1000676833293772900	200044	3	3	2	-0.03278	0.00000	0.00000	0.03278	0.00000	0.00000	0.00000	0.00000	0.00000	0.23690	0.09354	0.96702	0.02209	0.09626	0.99511	0.11390	0.09565	0.98888	0.29829	0.00000	61.15000	2.49248	6.32240	0.39423	2.42067	6.19585	0.39069	-0.19851	0.35394	-0.29165	-0.75258	0.37681	0.12944	-0.83715	0.36791	0.00359	-0.80821	0.37152	0.05528
8.5665	1000676833298793300	200045	3	3	2	-0.03278	0.00000	0.00000	0.03278	0.00000	0.00000	0.00000	0.00000	0.00000	0.23574	0.09349	0.96731	0.02264	0.09618	0.99511	0.11460	0.09557	0.98880	0.30074	0.00000	61.15000	2.49327	6.32240	0.39435	2.42195	6.19585	0.39090	-0.20058	0.35407	-0.29034	-0.75346	0.37693	0.12823	-0.83705	0.36814	0.00382	-0.80800	0.37175	0.05563
8.5665	1000676833303790300	200046	2	3	2	-0.03278	0.00000	0.00000	0.03278	0.00000	0.00000	0.00000	0.00000	0.00000	0.23760	0.09430	0.96677	0.02323	0.09706	0.99501	0.11270	0.09647	0.98894	0.29883	0.00000	61.15000	2.49327	6.32240	0.39435	2.42195	6.19585	0.39090	-0.19921	0.35425	-0.29180	-0.75232	0.37790	0.12971	-0.83682	0.36906	0.00430	-0.80895	0.37252	0.05392
8.5665	1000676833308810700	200047	2	3	2	-0.03278	0.00000	0.00000	0.03278	0.00000	0.00000	0.00000	0.00000	0.00000	0.23959	0.09509	0.96621	0.02380	0.09792	0.99491	0.11124	0.09734	0.98902	0.29673	0.00000	61.15000	2.49327	6.32240	0.39435	2.42195	6.19585	0.39090	-0.19760	0.35442	-0.29322	-0.75109	0.37885	0.13129	-0.83659	0.36996	0.00475	-0.80969	0.37328	0.05258
8.5768	1000676833313831100	200048	2	3	2	-0.03278	0.00000	0.00000	0.03278	0.00000	0.00000	0.00000	0.00000	0.00000	0.24165	0.09584	0.96562	0.02423	0.09874	0.99482	0.11006	0.09817	0.98906	0.29438	0.00000	61.15000	2.49422	6.32240	0.39450	2.42296	6.19585	0.39106	-0.19574	0.35462	-0.29473	-0.74981	0.37989	0.13292	-0.83642	0.37090	0.00509	-0.81027	0.37414	0.05150
8.5768	1000676833318844200	200049	2	3	2	-0.03278	0.00000	0.00000	0.03278	0.00000	0.00000	0.00000	0.00000	0.00000	0.24367	0.09653	0.96504	0.02462	0.09950	0.99473	0.10912	0.09894	0.98909	0.29207	0.00000	61.15000	2.49422	6.32240	0.39450	2.42296	6.19585	0.39106	-0.19387	0.35476	-0.29611	-0.74856	0.38075	0.13452	-0.83626	0.37169	0.00539	-0.81074	0.37484	0.05063
8.5883	1000676833323829300	200050	2	3	2	-0.03278	0.00000	0.00000	0.03278	0.00000	0.00000	0.00000	0.00000	0.00000	0.24558	0.09719	0.96449	0.02520	0.10023	0.99465	0.10850	0.09967	0.98909	0.29018	0.00000	61.15000	2.49447	6.32240	0.39454	2.42361	6.19585	0.39117	-0.19232	0.35497	-0.29727	-0.74746	0.38188	0.13587	-0.83608	0.37276	0.00569	-0.81112	0.37583	0.04985
8.5995	1000676833328842400	200051	2	3	2	-0.03278	0.00000	0.00000	0.03278	0.00000	0.00000	0.00000	0.00000	0.00000	0.24736	0.09778	0.96398	0.02578	0.10088	0.99456	0.10804	0.10033	0.98907	0.28849	0.00000	61.15000	2.49522	6.32240	0.39466	2.42534	6.19585	0.39145	-0.19098	0.35511	-0.29834	-0.74657	0.38270	0.13695	-0.83603	0.37353	0.00580	-0.81155	0.37654	0.04905
8.5995	1000676833333938400	200052	2	3	2	-0.03278	0.00000	0.00000	0.03278	0.00000	0.00000	0.00000	0.00000	0.00000	0.24906	0.09837	0.96348	0.02631	0.10153	0.99448	0.10765	0.10098	0.98905	0.28687	0.00000	61.15000	2.49522	6.32240	0.39466	2.42534	6.19585	0.39145	-0.18962	0.35524	-0.29924	-0.74551	0.38343	0.13830	-0.83581	0.37422	0.00624	-0.81174	0.37716	0.04866
8.5995	1000676833338929500	200053	2	3	2	-0.03278	0.00000	0.00000	0.03278	0.00000	0.00000	0.00000	0.00000	0.00000	0.25065	0.09890	0.96301	0.02685	0.10212	0.99441	0.10741	0.10157	0.98901	0.28542	0.00000	61.15000	2.49522	6.32240	0.39466	2.42534	6.19585	0.39145	-0.18839	0.35536	-0.30002	-0.74451	0.38410	0.13956	-0.83558	0.37484	0.00669	-0.81186	0.37774	0.04841
8.6129	1000676833343921100	200054	2	3	2	-0.03278	0.00000	0.00000	0.03278	0.00000	0.00000	0.00000	0.00000	0.00000	0.25216	0.09942	0.96257	0.02739	0.10270	0.99434	0.10717	0.10215	0.98898	0.28409	0.00000	61.15000	2.49670	6.32240	0.39490	2.42658	6.19585	0.39165	-0.18731	0.35548	-0.30081	-0.74369	0.38479	0.14057	-0.83546	0.37549	0.00694	-0.81209	0.37834	0.04798
8.6129	1000676833348939500	200055	2	3	2	-0.03278	0.00000	0.00000	0.03278	0.00000	0.00000	0.00000	0.00000	0.00000	0.25353	0.09987	0.96216	0.02794	0.10320	0.99427	0.10690	0.10265	0.98896	0.28295	0.00000	61.15000	2.49670	6.32240	0.39490	2.42658	6.19585	0.39165	-0.18635	0.35558	-0.30144	-0.74282	0.38536	0.14166	-0.83524	0.37603	0.00741	-0.81223	0.37882	0.04770
8.6129	1000676833353949500	200056	3	3	2	-0.03278	0.00000	0.00000	0.03278	0.00000	0.00000	0.00000	0.00000	0.00000	0.25051	0.09938	0.96300	0.02847	0.10261	0.99431	0.10763	0.10206	0.98894	0.28765	0.00000	61.15000	2.49670	6.32240	0.39490	2.42658	6.19585	0.39165	-0.19035	0.35558	-0.29896	-0.74473	0.38462	0.13923	-0.83501	0.37547	0.00793	-0.81187	0.37828	0.04838
8.6214	1000676833358959500	200057	3	3	2	-0.03278	0.00000	0.00000	0.03278	0.00000	0.00000	0.00000	0.00000	0.00000	0.24846	0.09899	0.96357	0.02895	0.10215	0.99435	0.10861	0.10159	0.98888	0.29107	0.00000	61.15000	2.49922	6.32240	0.39530	2.42741	6.19585	0.39178	-0.19323	0.35558	-0.29711	-0.74615	0.38415	0.13738	-0.83491	0.37509	0.00817	-0.81150	0.37795	0.04904
8.6214	1000676833363957600	200058	3	3	2	-0.03278	0.00000	0.00000	0.03278	0.00000	0.00000	0.00000	0.00000	0.00000	0.24717	0.09864	0.96394	0.02941	0.10175	0.99437	0.10980	0.10118	0.98879	0.29348	0.00000	61.15000	2.49922	6.32240	0.39530	2.42741	6.19585	0.39178	-0.19516	0.35557	-0.29562	-0.74696	0.38369	0.13634	-0.83472	0.37473	0.00861	-0.81091	0.37763	0.05011
8.6322	1000676833368935100	200059	3	3	2	-0.03278	0.00000	0.00000	0.03278	0.00000	0.00000	0.00000	0.00000	0.00000	0.24643	0.09832	0.96416	0.02982	0.10141	0.99440	0.11111	0.10083	0.98868	0.29507	0.00000	61.15000	2.50094	6.32240	0.39557	2.42820	6.19585	0.39191	-0.19640	0.35555	-0.29460	-0.74761	0.38334	0.13548	-0.83470	0.37440	0.00870	-0.81042	0.37737	0.05098
8.6322	1000676833373945100	200060	3	3	2	-0.03278	0.00000	0.00000	0.03278	0.00000	0.00000	0.00000	0.00000	0.00000	0.24576	0.09804	0.96436	0.03021	0.10110	0.99442	0.11253	0.10050	0.98855	0.29655	0.00000	61.15000	2.50094	6.32240	0.39557	2.42820	6.19585	0.39191	-0.19748	0.35553	-0.29351	-0.74803	0.38300	0.13495	-0.83453	0.37411	0.00907	-0.80972	0.37715	0.05224
8.6435	1000676833378952800	200061	3	3	2	-0.03278	0.00000	0.00000	0.03278	0.00000	0.00000	0.00000	0.00000	0.00000	0.24484	0.09780	0.96462	0.03061	0.10082	0.99443	0.11398	0.10021	0.98842	0.29843	0.25451	61.15000	2.50179	6.32240	0.39570	2.42941	6.19585	0.39210	-0.19889	0.35557	-0.29226	-0.74858	0.38275	0.13417	-0.83435	0.37391	0.00941	-0.80898	0.37702	0.05348
8.6435	1000676833383960500	200062	3	3	2	-0.03278	0.00000	0.00000	0.03278	0.00000	0.00000	0.00000	0.00000	0.00000	0.24371	0.09761	0.96492	0.03099	0.10060	0.99444	0.11534	0.09998	0.98828	0.30059	0.33492	61.15000	2.50179	6.32240	0.39570	2.42941	6.19585	0.39210	-0.20057	0.35559	-0.29083	-0.74928	0.38247	0.13326	-0.83419	0.37371	0.00977	-0.80830	0.37688	0.05469
8.6544	1000676833389038700	200063	3	3	2	-0.03278	0.00000	0.00000	0.03278	0.00000	0.00000	0.00000	0.00000	0.00000	0.24259	0.09745	0.96522	0.03138	0.10040	0.99445	0.11676	0.09977	0.98814	0.30280	0.32631	61.15000	2.50239	6.32240	0.39580	2.43132	6.19585	0.39241	-0.20232	0.35564	-0.28942	-0.75010	0.38227	0.13219	-0.83412	0.37358	0.00996	-0.80770	0.37681	0.05577
8.6544	1000676833394014000	200064	3	3	2	-0.03278	0.00000	0.00000	0.03278	0.00000	0.00000	0.00000	0.00000	0.00000	0.24139	0.09735	0.96553	0.03173	0.10027	0.99445	0.11790	0.09962	0.98802	0.30510	0.38524	61.15000	2.50239	6.32240	0.39580	2.43132	6.19585	0.39241	-0.20414	0.35569	-0.28798	-0.75084	0.38207	0.13122	-0.83397	0.37346	0.01029	-0.80713	0.37675	0.05677
8.6658	1000676833399019400	200065	3	3	2	-0.03278	0.00000	0.00000	0.03278	0.00000	0.00000	0.00000	0.00000	0.00000	0.24024	0.09728	0.96583	0.03202	0.10016	0.99446	0.11893	0.09950	0.98790	0.30728	0.67280	61.15000	2.50348	6.32240	0.39597	2.43322	6.19585	0.39272	-0.20596	0.35584	-0.28672	-0.75176	0.38221	0.13001	-0.83402	0.37366	0.01027	-0.80679	0.37701	0.05740
8.6658	1000676833404050200	200066	3	3	2	-0.03278	0.00000	0.00000	0.03278	0.00000	0.00000	0.00000	0.00000	0.00000	0.23919	0.09721	0.96609	0.03230	0.10007	0.99446	0.11984	0.09940	0.98780	0.30931	0.67916	61.15000	2.50348	6.32240	0.39597	2.43322	6.19585	0.39272	-0.20759	0.35589	-0.28546	-0.75241	0.38206	0.12916	-0.83390	0.37359	0.01054	-0.80634	0.37697	0.05820
8.6658	1000676833409057900	200067	3	3	2	-0.03278	0.00000	0.00000	0.03278	0.00000	0.00000	0.00000	0.00000	0.00000	0.23814	0.09714	0.96636	0.03259	0.09996	0.99446	0.12058	0.09929	0.98773	0.31138	0.68540	61.15000	2.50348	6.32240	0.39597	2.43322	6.19585	0.39272	-0.20926	0.35594	-0.28423	-0.75305	0.38190	0.12830	-0.83378	0.37351	0.01080	-0.80597	0.37692	0.05885
8.6767	1000676833414065600	200068	3	3	2	-0.03278	0.00000	0.00000	0.03278	0.00000	0.00000	0.00000	0.00000	0.00000	0.24001	0.09714	0.96590	0.03282	0.10002	0.99444	0.12135	0.09933	0.98763	0.30880	0.62889	61.15000	2.50342	6.32240	0.39596	2.43450	6.19585	0.39292	-0.20695	0.35589	-0.28535	-0.75200	0.38210	0.12972	-0.83377	0.37359	0.01089	-0.80567	0.37704	0.05939
8.6767	1000676833419071000	200069	3	3	2	-0.03278	0.00000	0.00000	0.03278	0.00000	0.00000	0.00000	0.00000	0.00000	0.24118	0.09716	0.96561	0.03301	0.10006	0.99443	0.12202	0.09937	0.98754	0.30728	0.65062	61.15000	2.50342	6.32240	0.39596	2.43450	6.19585	0.39292	-0.20554	0.35587	-0.28593	-0.75128	0.38221	0.13068	-0.83369	0.37365	0.01106	-0.80534	0.37713	0.05997
8.6880	1000676833424078700	200070	2	3	2	-0.03278	0.00000	0.00000	0.03278	0.00000	0.00000	0.00000	0.00000	0.00000	0.24216	0.09737	0.96534	0.03328	0.10030	0.99440	0.11992	0.09963	0.98777	0.30616	0.26656	61.15000	2.50249	6.32240	0.39581	2.43783	6.19585	0.39346	-0.20492	0.35586	-0.28706	-0.75068	0.38249	0.13150	-0.83359	0.37391	0.01132	-0.80640	0.37723	0.05817
8.6880	1000676833429086400	200071	3	3	2	-0.03278	0.00000	0.00000	0.03278	0.00000	0.00000	0.00000	0.00000	0.00000	0.24331	0.09737	0.96505	0.03355	0.10033	0.99439	0.12063	0.09965	0.98768	0.30480	0.00000	61.15000	2.50249	6.32240	0.39581	2.43783	6.19585	0.39346	-0.20364	0.35584	-0.28754	-0.74997	0.38258	0.13244	-0.83348	0.37395	0.01156	-0.80605	0.37730	0.05878
8.6990	1000676833434094100	200072	3	3	2	-0.03278	0.00000	0.00000	0.03278	0.00000	0.00000	0.00000	0.00000	0.00000	0.24479	0.09736	0.96468	0.03384	0.10036	0.99438	0.12125	0.09968	0.98760	0.30299	0.00000	61.15000	2.50090	6.32240	0.39556	2.44100	6.19585	0.39397	-0.20201	0.35585	-0.28834	-0.74915	0.38279	0.13351	-0.83344	0.37410	0.01166	-0.80583	0.37747	0.05917
8.6990	1000676833439101800	200073	3	3	2	-0.03278	0.00000	0.00000	0.03278	0.00000	0.00000	0.00000	0.00000	0.00000	0.24647	0.09734	0.96425	0.03411	0.10038	0.99436	0.12179	0.09969	0.98754	0.30086	0.00000	61.15000	2.50090	6.32240	0.39556	2.44100	6.19585	0.39397	-0.20008	0.35580	-0.28926	-0.74810	0.38291	0.13489	-0.83333	0.37414	0.01191	-0.80555	0.37752	0.05964
8.7099	1000676833444157500	200074	3	3	2	-0.03278	0.00000	0.00000	0.03278	0.00000	0.00000	0.00000	0.00000	0.00000	0.24826	0.09732	0.96379	0.03433	0.10041	0.99435	0.12232	0.09971	0.98747	0.29855	0.00000	61.15000	2.50045	6.32240	0.39549	2.44374	6.19585	0.39442	-0.19808	0.35571	-0.29034	-0.74719	0.38298	0.13612	-0.83340	0.37413	0.01185	-0.80548	0.37752	0.05985
8.7099	1000676833449148400	200075	3	3	2	-0.03278	0.00000	0.00000	0.03278	0.00000	0.00000	0.00000	0.00000	0.00000	0.25003	0.09730	0.96334	0.03459	0.10043	0.99434	0.12278	0.09973	0.98741	0.29633	0.27750	61.15000	2.50045	6.32240	0.39549	2.44374	6.19585	0.39442	-0.19609	0.35566	-0.29133	-0.74608	0.38310	0.13757	-0.83330	0.37416	0.01208	-0.80525	0.37757	0.06024
8.7214	1000676833454156100	200076	3	3	2	-0.03278	0.00000	0.00000	0.03278	0.00000	0.00000	0.00000	0.00000	0.00000	0.25178	0.09726	0.96288	0.03486	0.10043	0.99433	0.12319	0.09973	0.98736	0.29419	0.28161	61.15000	2.49998	6.32240	0.39542	2.44804	6.19585	0.39511	-0.19423	0.35548	-0.29231	-0.74506	0.38283	0.13896	-0.83325	0.37380	0.01228	-0.80511	0.37722	0.06056
8.7214	1000676833459163800	200077	3	3	2	-0.03278	0.00000	0.00000	0.03278	0.00000	0.00000	0.00000	0.00000	0.00000	0.25339	0.09720	0.96247	0.03511	0.10042	0.99433	0.12354	0.09971	0.98732	0.29226	0.28450	61.15000	2.49998	6.32240	0.39542	2.44804	6.19585	0.39511	-0.19251	0.35542	-0.29319	-0.74404	0.38291	0.14028	-0.83315	0.37381	0.01251	-0.80494	0.37723	0.06087
8.7214	1000676833464171500	200078	3	3	2	-0.03278	0.00000	0.00000	0.03278	0.00000	0.00000	0.00000	0.00000	0.00000	0.25489	0.09716	0.96208	0.03533	0.10041	0.99432	0.12380	0.09970	0.98729	0.29045	0.28260	61.15000	2.49998	6.32240	0.39542	2.44804	6.19585	0.39511	-0.19091	0.35537	-0.29403	-0.74310	0.38299	0.14150	-0.83306	0.37382	0.01271	-0.80480	0.37724	0.06110
8.7323	1000676833469179200	200079	3	3	2	-0.03278	0.00000	0.00000	0.03278	0.00000	0.00000	0.00000	0.00000	0.00000	0.25623	0.09709	0.96173	0.03552	0.10038	0.99431	0.12400	0.09967	0.98726	0.28885	0.28398	61.15000	2.49999	6.32240	0.39542	2.45112	6.19585	0.39561	-0.18957	0.35526	-0.29482	-0.74243	0.38296	0.14241	-0.83313	0.37373	0.01267	-0.80487	0.37715	0.06107
8.7323	1000676833474203900	200080	3	3	2	-0.03278	0.00000	0.00000	0.03278	0.00000	0.00000	0.00000	0.00000	0.00000	0.25755	0.09701	0.96138	0.03576	0.10034	0.99431	0.12422	0.09962	0.98724	0.28736	0.27984	61.15000	2.49999	6.32240	0.39542	2.45112	6.19585	0.39561	-0.18825	0.35520	-0.29551	-0.74160	0.38299	0.14348	-0.83303	0.37370	0.01289	-0.80476	0.37712	0.06126
8.7441	1000676833479228200	200081	3	3	2	-0.03278	0.00000	0.00000	0.03278	0.00000	0.00000	0.00000	0.00000	0.00000	0.25872	0.09694	0.96108	0.03598	0.10029	0.99431	0.12448	0.09958	0.98721	0.28607	0.27318	61.15000	2.50027	6.32240	0.39546	2.45369	6.19585	0.39602	-0.18711	0.35510	-0.29609	-0.74090	0.38271	0.14443	-0.83297	0.37335	0.01308	-0.80467	0.37677	0.06147
8.7441	1000676833484235900	200082	3	3	2	-0.03278	0.00000	0.00000	0.03278	0.00000	0.00000	0.00000	0.00000	0.00000	0.25981	0.09687	0.96079	0.03632	0.10024	0.99430	0.12481	0.09953	0.98718	0.28503	0.27510	61.15000	2.50027	6.32240	0.39546	2.45369	6.19585	0.39602	-0.18617	0.35507	-0.29652	-0.74021	0.38273	0.14532	-0.83283	0.37332	0.01339	-0.80451	0.37675	0.06177
8.7552	1000676833489246500	200083	3	3	2	-0.03278	0.00000	0.00000	0.03278	0.00000	0.00000	0.00000	0.00000	0.00000	0.26080	0.09679	0.96053	0.03672	0.10019	0.99429	0.12521	0.09947	0.98713	0.28420	0.27880	61.15000	2.50069	6.32240	0.39553	2.45568	6.19585	0.39634	-0.18539	0.35497	-0.29687	-0.73964	0.38255	0.14604	-0.83271	0.37309	0.01364	-0.80435	0.37652	0.06202
8.7552	1000676833494257100	200084	3	3	2	-0.03278	0.00000	0.00000	0.03278	0.00000	0.00000	0.00000	0.00000	0.00000	0.26177	0.09672	0.96027	0.03712	0.10015	0.99428	0.12562	0.09942	0.98708	0.28341	0.27539	61.15000	2.50069	6.32240	0.39553	2.45568	6.19585	0.39634	-0.18465	0.35494	-0.29716	-0.73902	0.38256	0.14682	-0.83254	0.37308	0.01401	-0.80415	0.37651	0.06237
8.7682	1000676833499267700	200085	3	3	2	-0.03278	0.00000	0.00000	0.03278	0.00000	0.00000	0.00000	0.00000	0.00000	0.26265	0.09665	0.96004	0.03753	0.10009	0.99427	0.12602	0.09936	0.98704	0.28275	0.27072	61.15000	2.50136	6.32240	0.39563	2.45848	6.19585	0.39679	-0.18403	0.35481	-0.29735	-0.73839	0.38235	0.14768	-0.83232	0.37281	0.01454	-0.80389	0.37624	0.06287
8.7682	1000676833504278300	200086	3	3	2	-0.03278	0.00000	0.00000	0.03278	0.00000	0.00000	0.00000	0.00000	0.00000	0.26345	0.09656	0.95983	0.03797	0.10002	0.99426	0.12649	0.09929	0.98699	0.28223	0.26096	61.15000	2.50136	6.32240	0.39563	2.45848	6.19585	0.39679	-0.18351	0.35479	-0.29749	-0.73787	0.38233	0.14834	-0.83213	0.37277	0.01494	-0.80365	0.37621	0.06328
8.7682	1000676833509288900	200087	3	3	2	-0.03278	0.00000	0.00000	0.03278	0.00000	0.00000	0.00000	0.00000	0.00000	0.26425	0.09646	0.95962	0.03839	0.09994	0.99425	0.12690	0.09921	0.98694	0.28171	0.32541	61.15000	2.50136	6.32240	0.39563	2.45848	6.19585	0.39679	-0.18300	0.35476	-0.29765	-0.73736	0.38230	0.14899	-0.83195	0.37272	0.01533	-0.80344	0.37615	0.06365
8.7771	1000676833514317600	200088	3	3	2	-0.03278	0.00000	0.00000	0.03278	0.00000	0.00000	0.00000	0.00000	0.00000	0.26496	0.09636	0.95943	0.03882	0.09986	0.99424	0.12732	0.09912	0.98690	0.28130	0.31912	61.15000	2.50198	6.32240	0.39573	2.46008	6.19585	0.39705	-0.18257	0.35465	-0.29771	-0.73688	0.38193	0.14964	-0.83175	0.37233	0.01579	-0.80321	0.37576	0.06409
8.7771	1000676833519331100	200089	3	3	2	-0.03278	0.00000	0.00000	0.03278	0.00000	0.00000	0.00000	0.00000	0.00000	0.26562	0.09624	0.95926	0.03925	0.09975	0.99424	0.12771	0.09901	0.98686	0.28096	0.70231	61.15000	2.50198	6.32240	0.39573	2.46008	6.19585	0.39705	-0.18222	0.35462	-0.29778	-0.73645	0.38187	0.15019	-0.83156	0.37225	0.01619	-0.80301	0.37568	0.06444
8.7876	1000676833524324500	200090	3	3	2	-0.03278	0.00000	0.00000	0.03278	0.00000	0.00000	0.00000	0.00000	0.00000	0.26620	0.09612	0.95911	0.03967	0.09964	0.99423	0.12807	0.09889	0.98682	0.28071	1.00000	61.15000	2.50278	6.32240	0.39586	2.46137	6.19585	0.39726	-0.18198	0.35447	-0.29776	-0.73608	0.38148	0.15077	-0.83139	0.37189	0.01668	-0.80283	0.37530	0.06487
8.7876	1000676833529338000	200091	3	3	2	-0.03278	0.00000	0.00000	0.03278	0.00000	0.00000	0.00000	0.00000	0.00000	0.26674	0.09599	0.95898	0.04007	0.09952	0.99423	0.12840	0.09878	0.98679	0.28050	1.00000	61.15000	2.50278	6.32240	0.39586	2.46137	6.19585	0.39726	-0.18175	0.35444	-0.29779	-0.73573	0.38141	0.15121	-0.83122	0.37180	0.01705	-0.80266	0.37521	0.06515
8.7986	1000676833534351500	200092	3	3	2	-0.03278	0.00000	0.00000	0.03278	0.00000	0.00000	0.00000	0.00000	0.00000	0.26722	0.09586	0.95885	0.04045	0.09940	0.99423	0.12874	0.09865	0.98676	0.28033	1.00000	61.15000	2.50363	6.32240	0.39599	2.46349	6.19585	0.39760	-0.18157	0.35434	-0.29777	-0.73539	0.38108	0.15168	-0.83104	0.37148	0.01747	-0.80246	0.37488	0.06553
8.7986	1000676833539365000	200093	3	3	2	-0.03278	0.00000	0.00000	0.03278	0.00000	0.00000	0.00000	0.00000	0.00000	0.26768	0.09572	0.95874	0.04078	0.09926	0.99423	0.12902	0.09851	0.98674	0.28013	1.00000	61.15000	2.50363	6.32240	0.39599	2.46349	6.19585	0.39760	-0.18136	0.35430	-0.29780	-0.73510	0.38098	0.15205	-0.83090	0.37137	0.01778	-0.80232	0.37477	0.06578
8.8100	1000676833544381100	200094	3	3	2	-0.03278	0.00000	0.00000	0.03278	0.00000	0.00000	0.00000	0.00000	0.00000	0.26811	0.09555	0.95864	0.04110	0.09910	0.99423	0.12934	0.09835	0.98671	0.27996	1.00000	61.15000	2.50454	6.32240	0.39614	2.46592	6.19585	0.39799	-0.18120	0.35412	-0.29778	-0.73487	0.38045	0.15245	-0.83081	0.37084	0.01810	-0.80221	0.37424	0.06610
8.8100	1000676833549439700	200095	3	3	2	-0.03278	0.00000	0.00000	0.03278	0.00000	0.00000	0.00000	0.00000	0.00000	0.26852	0.09538	0.95854	0.04141	0.09893	0.99423	0.12958	0.09818	0.98670	0.27980	1.00000	61.15000	2.50454	6.32240	0.39614	2.46592	6.19585	0.39799	-0.18103	0.35407	-0.29780	-0.73460	0.38031	0.15279	-0.83067	0.37069	0.01840	-0.80208	0.37408	0.06632
8.8209	1000676833554455800	200096	3	3	2	-0.03278	0.00000	0.00000	0.03278	0.00000	0.00000	0.00000	0.00000	0.00000	0.26888	0.09516	0.95846	0.04168	0.09872	0.99424	0.12977	0.09797	0.98669	0.27967	1.00000	61.15000	2.50558	6.32240	0.39630	2.46909	6.19585	0.39851	-0.18092	0.35395	-0.29780	-0.73439	0.37988	0.15313	-0.83058	0.37026	0.01870	-0.80201	0.37364	0.06654
8.8209	1000676833559415500	200097	3	3	2	-0.03278	0.00000	0.00000	0.03278	0.00000	0.00000	0.00000	0.00000	0.00000	0.26921	0.09493	0.95839	0.04192	0.09848	0.99426	0.12997	0.09773	0.98669	0.27953	1.00000	61.15000	2.50558	6.32240	0.39630	2.46909	6.19585	0.39851	-0.18077	0.35388	-0.29782	-0.73417	0.37967	0.15341	-0.83048	0.37003	0.01893	-0.80190	0.37342	0.06673
8.8209	1000676833564429000	200098	3	3	2	-0.03278	0.00000	0.00000	0.03278	0.00000	0.00000	0.00000	0.00000	0.00000	0.26948	0.09465	0.95834	0.04215	0.09820	0.99427	0.13015	0.09745	0.98669	0.27946	1.00000	61.15000	2.50558	6.32240	0.39630	2.46909	6.19585	0.39851	-0.18069	0.35381	-0.29781	-0.73400	0.37943	0.15365	-0.83037	0.36977	0.01916	-0.80181	0.37316	0.06690
8.8319	1000676833569461600	200099	3	3	2	-0.03278	0.00000	0.00000	0.03278	0.00000	0.00000	0.00000	0.00000	0.00000	0.26976	0.09434	0.95830	0.04236	0.09788	0.99430	0.13023	0.09714	0.98671	0.27935	1.00000	61.15000	2.50609	6.32240	0.39638	2.47054	6.19585	0.39874	-0.18062	0.35359	-0.29781	-0.73386	0.37875	0.15392	-0.83032	0.36908	0.01939	-0.80181	0.37246	0.06701
8.8319	1000676833574478100	200100	3	3	2	-0.03278	0.00000	0.00000	0.03278	0.00000	0.00000	0.00000	0.00000	0.00000	0.27001	0.09400	0.95826	0.04258	0.09753	0.99432	0.13037	0.09679	0.98673	0.27929	1.00000	61.15000	2.50609	6.32240	0.39638	2.47054	6.19585	0.39874	-0.18054	0.35350	-0.29781	-0.73369	0.37843	0.15415	-0.83022	0.36874	0.01961	-0.80174	0.37212	0.06716
8.8433	1000676833579451900	200101	3	3	2	-0.03278	0.00000	0.00000	0.03278	0.00000	0.00000	0.00000	0.00000	0.00000	0.27023	0.09362	0.95823	0.04278	0.09715	0.99435	0.13047	0.09641	0.98675	0.27924	1.00000	61.15000	2.50666	6.32240	0.39647	2.47153	6.19585	0.39890	-0.18048	0.35331	-0.29786	-0.73358	0.37784	0.15425	-0.83016	0.36813	0.01971	-0.80171	0.37150	0.06717
8.8433	1000676833584468400	200102	3	3	2	-0.03278	0.00000	0.00000	0.03278	0.00000	0.00000	0.00000	0.00000	0.00000	0.27044	0.09320	0.95821	0.04294	0.09672	0.99439	0.13051	0.09598	0.98679	0.27917	1.00000	61.15000	2.50666	6.32240	0.39647	2.47153	6.19585	0.39890	-0.18042	0.35318	-0.29788	-0.73344	0.37743	0.15445	-0.83009	0.36771	0.01989	-0.80169	0.37108	0.06723
8.8543	1000676833589497100	200103	3	3	2	-0.03278	0.00000	0.00000	0.03278	0.00000	0.00000	0.00000	0.00000	0.00000	0.27060	0.09276	0.95821	0.04309	0.09627	0.99442	0.13051	0.09554	0.98683	0.27914	1.00000	61.15000	2.50729	6.32240	0.39657	2.47221	6.19585	0.39901	-0.18044	0.35294	-0.29791	-0.73343	0.37665	0.15453	-0.83010	0.36692	0.01997	-0.80177	0.37028	0.06718
8.8543	1000676833594513600	200104	3	3	2	-0.03278	0.00000	0.00000	0.03278	0.00000	0.00000	0.00000	0.00000	0.00000	0.27071	0.09229	0.95823	0.04316	0.09578	0.99447	0.13050	0.09505	0.98688	0.27907	1.00000	61.15000	2.50729	6.32240	0.39657	2.47221	6.19585	0.39901	-0.18038	0.35280	-0.29794	-0.73335	0.37618	0.15466	-0.83007	0.36643	0.02006	-0.80177	0.36979	0.06720
8.8655	1000676833599530100	200105	3	3	2	-0.03278	0.00000	0.00000	0.03278	0.00000	0.00000	0.00000	0.00000	0.00000	0.27078	0.09177	0.95826	0.04317	0.09524	0.99452	0.13048	0.09452	0.98694	0.27899	1.00000	61.15000	2.50786	6.32240	0.39666	2.47277	6.19585	0.39910	-0.18035	0.35255	-0.29816	-0.73344	0.37531	0.15444	-0.83016	0.36556	0.01977	-0.80189	0.36891	0.06689
8.8655	1000676833604549300	200106	3	3	2	-0.03278	0.00000	0.00000	0.03278	0.00000	0.00000	0.00000	0.00000	0.00000	0.27082	0.09120	0.95830	0.04313	0.09465	0.99458	0.13038	0.09393	0.98701	0.27890	1.00000	61.15000	2.50815	6.32240	0.39671	2.47304	6.19585	0.39914	-0.18028	0.35238	-0.29822	-0.73341	0.37474	0.15450	-0.83017	0.36496	0.01977	-0.80194	0.36831	0.06684
8.8766	1000676833609568500	200107	3	3	2	-0.03278	0.00000	0.00000	0.03278	0.00000	0.00000	0.00000	0.00000	0.00000	0.27080	0.09061	0.95836	0.04301	0.09404	0.99464	0.13020	0.09332	0.98709	0.27878	1.00000	61.15000	2.50842	6.32240	0.39675	2.47330	6.19585	0.39919	-0.18026	0.35211	-0.29840	-0.73360	0.37389	0.15432	-0.83037	0.36409	0.01946	-0.80218	0.36744	0.06649
8.8766	1000676833614557900	200108	3	3	2	-0.03278	0.00000	0.00000	0.03278	0.00000	0.00000	0.00000	0.00000	0.00000	0.27078	0.09002	0.95842	0.04286	0.09343	0.99470	0.13003	0.09272	0.98717	0.27864	1.00000	61.15000	2.50864	6.32240	0.39679	2.47362	6.19585	0.39924	-0.18016	0.35193	-0.29850	-0.73361	0.37330	0.15433	-0.83042	0.36347	0.01937	-0.80226	0.36682	0.06639
8.8879	1000676833619566600	200109	3	3	2	-0.03278	0.00000	0.00000	0.03278	0.00000	0.00000	0.00000	0.00000	0.00000	0.27073	0.08942	0.95849	0.04269	0.09280	0.99477	0.12985	0.09210	0.98725	0.27849	1.00000	61.15000	2.50913	6.32240	0.39686	2.47443	6.19585	0.39937	-0.18012	0.35170	-0.29866	-0.73375	0.37250	0.15420	-0.83059	0.36267	0.01911	-0.80245	0.36602	0.06613
8.8879	1000676833624583100	200110	3	3	2	-0.03278	0.00000	0.00000	0.03278	0.00000	0.00000	0.00000	0.00000	0.00000	0.27067	0.08887	0.95856	0.04252	0.09223	0.99483	0.12970	0.09153	0.98732	0.27836	1.00000	61.15000	2.50913	6.32240	0.39686	2.47443	6.19585	0.39937	-0.18002	0.35153	-0.29876	-0.73378	0.37195	0.15419	-0.83065	0.36209	0.01898	-0.80252	0.36544	0.06603
8.8879	1000676833629599600	200111	3	3	2	-0.03278	0.00000	0.00000	0.03278	0.00000	0.00000	0.00000	0.00000	0.00000	0.27060	0.08832	0.95863	0.04235	0.09166	0.99489	0.12955	0.09097	0.98739	0.27826	1.00000	61.15000	2.50913	6.32240	0.39686	2.47443	6.19585	0.39937	-0.17995	0.35137	-0.29883	-0.73382	0.37139	0.15416	-0.83072	0.36151	0.01887	-0.80259	0.36486	0.06593
